1 1 1 937 338 128 379
1 1 2 937 338 128 378
1 1 3 938 338 128 379
1 1 4 938 339 128 377
1 1 5 938 341 127 375
1 1 6 940 345 125 370
1 1 7 942 353 123 362
1 1 8 944 361 120 354
1 1 9 944 368 119 348
1 1 10 945 377 116 339
1 1 11 945 380 116 335
1 1 12 945 381 116 333
1 1 13 939 381 117 333
1 1 14 931 380 120 334
1 1 15 923 381 124 333
1 1 16 917 380 127 333
1 1 17 913 381 130 332
1 1 18 909 381 134 332
1 1 19 906 381 138 333
1 1 20 903 381 141 334
1 1 21 900 381 144 334
1 1 22 897 381 147 334
1 1 23 894 382 150 333
1 1 24 890 382 153 332
1 1 25 886 382 156 331
1 1 26 881 382 160 331
1 1 27 879 380 163 332
1 1 28 879 379 164 334
1 1 29 880 378 164 334
1 1 30 876 378 163 332
1 1 31 869 378 161 331
1 1 32 862 377 160 331
1 1 33 857 378 158 331
1 1 34 858 378 156 331
1 1 35 861 378 153 331
1 1 36 864 378 150 332
1 1 37 865 378 147 332
1 1 38 863 379 146 332
1 1 39 858 379 145 332
1 1 40 852 379 146 332
1 1 41 847 380 147 332
1 1 42 844 380 148 332
1 1 43 843 380 149 332
1 1 44 843 380 149 332
1 1 45 842 380 149 332
1 1 46 842 380 150 332
1 1 47 841 380 151 332
1 1 48 840 380 151 332
1 1 49 840 380 152 332
1 1 50 840 379 152 333
1 1 51 839 380 153 332
1 1 52 839 380 153 332
1 1 53 838 380 153 331
1 1 54 837 381 154 331
1 1 55 838 381 154 330
1 1 56 841 381 154 330
1 1 57 849 380 152 331
1 1 58 853 378 150 333
1 1 59 853 370 151 341
1 1 60 853 365 151 347
1 1 61 855 363 149 349
1 1 62 856 361 147 350
1 1 63 860 371 141 341
1 1 64 860 372 139 339
1 1 65 861 373 137 339
1 1 66 861 373 135 339
1 1 67 863 373 133 338
1 1 68 865 374 131 338
1 1 69 869 374 128 338
1 1 70 871 374 125 338
1 1 71 873 374 123 337
1 1 72 875 374 120 338
1 1 73 876 373 118 338
1 1 74 877 373 117 338
1 1 75 878 373 115 338
1 1 76 878 373 113 338
1 1 77 879 373 112 338
1 1 78 880 373 111 338
1 1 79 880 373 110 339
1 1 80 881 373 109 339
1 1 81 881 373 108 339
1 1 82 882 373 107 339
1 1 83 882 373 107 339
1 1 84 882 373 106 339
1 1 85 882 372 105 339
1 1 86 883 373 105 339
1 1 87 883 373 104 339
1 1 88 883 373 104 339
1 1 89 882 373 104 339
1 1 90 882 373 104 339
1 1 91 881 373 104 339
1 1 92 878 373 104 339
1 1 93 871 372 106 340
1 1 94 869 373 107 338
1 1 95 870 377 108 334
1 1 96 871 378 108 333
1 1 97 869 379 109 332
1 1 98 867 380 111 331
1 1 99 866 381 112 330
1 1 100 865 384 112 327
1 1 101 863 389 112 322
1 1 102 862 395 112 315
1 1 103 858 400 112 311
1 1 104 853 406 113 305
1 1 105 848 412 115 298
1 1 106 843 417 117 293
1 1 107 838 423 119 286
1 1 108 832 426 123 283
1 1 109 825 429 128 281
1 1 110 815 431 133 280
1 1 111 803 433 138 280
1 1 112 789 433 142 281
1 1 113 768 437 143 277
1 1 114 751 440 145 277
1 1 115 741 440 146 276
1 1 116 731 439 148 278
1 1 117 722 437 151 279
1 1 118 706 432 158 283
1 1 119 687 423 168 294
1 1 120 672 424 172 293
1 1 121 657 432 168 281
1 1 122 642 442 162 270
1 1 123 637 454 154 257
1 1 124 631 465 148 245
1 1 125 624 472 145 237
1 1 126 611 477 146 237
1 1 127 602 482 144 232
1 1 128 595 485 143 230
1 1 129 590 486 142 229
1 1 130 583 486 141 229
1 1 131 577 484 140 230
1 1 132 573 485 138 229
1 1 133 567 485 138 231
1 1 134 560 485 136 231
1 1 135 557 486 134 229
1 1 136 554 489 131 227
1 1 137 552 491 129 225
1 1 138 551 493 127 223
1 1 139 549 494 126 223
1 1 140 548 494 125 222
1 1 141 545 493 125 223
1 1 142 544 491 125 224
1 1 143 543 491 123 224
1 1 144 541 489 124 227
1 1 145 541 488 123 228
1 1 146 541 487 123 229
1 1 147 541 487 122 229
1 1 148 541 487 121 229
1 1 149 542 487 119 229
1 1 150 543 487 118 228
1 1 151 543 488 117 227
1 1 152 544 489 117 226
1 1 153 544 489 116 225
1 1 154 513 464 133 254
1 11 1 474 363 108 305
1 11 2 475 363 108 305
1 11 3 476 363 109 306
1 11 4 477 363 108 306
1 11 5 478 363 108 305
1 11 6 478 363 108 305
1 11 7 478 363 108 306
1 11 8 479 363 108 306
1 11 9 478 362 108 306
1 11 10 479 362 108 306
1 11 11 478 362 108 306
1 11 12 478 362 108 306
1 11 13 478 362 108 305
1 11 14 478 362 108 305
1 11 15 478 362 108 305
1 11 16 478 362 108 304
1 11 17 478 362 109 304
1 11 18 478 362 109 305
1 11 19 478 362 109 305
1 11 20 478 362 109 305
1 11 21 478 362 110 305
1 11 22 478 362 110 305
1 11 23 478 362 110 305
1 11 24 478 361 110 305
1 11 25 478 361 110 305
1 11 26 478 361 110 305
1 11 27 478 361 110 305
1 11 28 478 361 110 305
1 11 29 478 361 110 305
1 11 30 478 361 111 305
1 11 31 478 361 111 305
1 11 32 478 361 111 305
1 11 33 478 361 111 305
1 11 34 478 361 111 305
1 11 35 478 361 111 305
1 11 36 478 361 111 305
1 11 37 478 361 111 305
1 11 38 478 361 111 305
1 11 39 478 361 111 305
1 11 40 477 361 111 305
1 11 41 477 361 111 305
1 11 42 477 361 111 305
1 11 43 477 361 111 305
1 11 44 477 361 111 305
1 11 45 477 361 111 305
1 11 46 477 361 111 305
1 11 47 477 361 111 305
1 11 48 477 361 111 305
1 11 49 477 361 111 305
1 11 50 477 361 111 305
1 11 51 477 361 111 305
1 11 52 477 361 111 305
1 11 53 477 361 111 305
1 11 54 477 361 111 305
1 11 55 476 360 111 305
1 11 56 475 360 111 306
1 11 57 475 360 111 306
1 11 58 475 360 111 306
1 11 59 475 360 111 306
1 11 60 474 360 111 306
1 11 61 474 360 111 306
1 11 62 474 360 111 306
1 11 63 474 360 111 306
1 11 64 474 360 111 306
1 11 65 475 360 111 306
1 11 66 476 360 111 306
1 11 67 476 360 111 307
1 11 68 476 361 111 307
1 11 69 476 361 111 307
1 11 70 476 361 111 307
1 11 71 476 361 110 307
1 11 72 477 361 110 307
1 11 73 477 361 110 307
1 11 74 477 361 110 307
1 11 75 477 361 110 307
1 11 76 478 361 110 307
1 11 77 477 361 110 307
1 11 78 478 360 110 307
1 11 79 478 360 110 307
1 11 80 477 360 110 307
1 11 81 477 360 110 307
1 11 82 478 361 110 307
1 11 83 477 361 110 306
1 11 84 478 361 109 306
1 11 85 478 361 109 306
1 11 86 478 361 109 306
1 11 87 478 361 109 306
1 11 88 478 361 109 306
1 11 89 478 361 109 306
1 11 90 479 361 109 306
1 11 91 479 361 108 306
1 11 92 480 361 108 306
1 11 93 480 361 108 306
1 11 94 480 361 109 306
1 11 95 480 361 109 307
1 11 96 481 361 109 307
1 11 97 481 361 109 306
1 11 98 481 361 109 306
1 11 99 482 362 109 306
1 11 100 482 362 109 305
1 11 101 482 362 110 305
1 11 102 481 362 110 305
1 11 103 480 363 110 304
1 11 104 480 363 111 304
1 11 105 479 364 111 303
1 11 106 477 364 111 303
1 11 107 476 364 112 303
1 11 108 475 364 113 303
1 11 109 475 364 113 303
1 11 110 474 364 114 303
1 11 111 472 364 115 302
1 11 112 475 365 115 302
1 11 113 476 365 115 302
1 11 114 478 366 114 301
1 11 115 477 366 114 301
1 11 116 478 366 114 301
1 11 117 477 366 114 301
1 11 118 477 366 114 301
1 11 119 476 366 114 301
1 11 120 476 366 114 301
1 11 121 476 366 114 302
1 11 122 477 366 114 302
1 11 123 477 365 114 303
1 11 124 479 365 113 302
1 11 125 479 365 113 301
1 11 126 479 365 113 301
1 11 127 479 365 113 301
1 11 128 478 365 113 302
1 11 129 479 364 113 302
1 11 130 480 364 113 302
1 11 131 481 363 112 303
1 11 132 483 363 111 302
1 11 133 485 363 110 302
1 11 134 486 363 109 301
1 11 135 487 363 107 301
1 11 136 488 363 106 300
1 11 137 489 363 106 301
1 11 138 490 362 105 302
1 11 139 490 363 104 301
1 11 140 490 363 103 301
1 11 141 486 363 104 302
1 11 142 484 363 105 303
1 11 143 483 363 106 303
1 11 144 483 363 106 303
1 11 145 483 363 106 303
1 11 146 483 363 107 303
1 11 147 483 363 107 303
1 11 148 484 363 107 303
1 11 149 484 363 107 304
1 11 150 484 362 107 304
1 11 151 484 362 107 303
1 11 152 483 362 107 304
1 11 153 483 361 108 305
1 11 154 443 293 146 409
1 13 1 791 351 95 317
1 13 2 789 351 95 316
1 13 3 788 351 95 316
1 13 4 787 351 95 316
1 13 5 787 352 96 315
1 13 6 786 352 96 316
1 13 7 785 352 97 316
1 13 8 784 352 98 316
1 13 9 782 351 99 316
1 13 10 781 351 100 316
1 13 11 779 351 100 316
1 13 12 776 351 101 317
1 13 13 773 351 102 317
1 13 14 769 351 103 317
1 14 1 630 373 82 300
1 14 2 632 373 82 299
1 14 3 633 373 82 300
1 14 4 635 372 82 301
1 14 5 636 371 83 301
1 14 6 637 370 83 301
1 14 7 637 369 84 302
1 14 8 637 369 84 302
1 14 9 637 368 85 303
1 14 10 637 368 86 303
1 14 11 638 368 87 303
1 14 12 638 367 88 303
1 14 13 638 367 89 304
1 14 14 638 367 90 303
1 14 15 637 368 90 303
1 14 16 636 368 91 303
1 14 17 635 367 92 303
1 14 18 635 368 92 303
1 14 19 635 367 92 303
1 14 20 634 368 92 303
1 14 21 635 368 93 303
1 14 22 635 367 93 303
1 14 23 634 366 94 304
1 14 24 634 366 94 304
1 14 25 634 366 95 305
1 14 26 633 365 96 306
1 14 27 633 364 96 307
1 14 28 633 363 97 308
1 14 29 633 363 97 308
1 14 30 633 363 97 309
1 14 31 633 363 98 309
1 14 32 633 362 99 310
1 14 33 632 362 99 310
1 14 34 632 361 99 310
1 14 35 632 361 100 310
1 14 36 632 361 100 311
1 14 37 631 361 100 310
1 14 38 631 361 100 310
1 14 39 631 361 101 310
1 14 40 630 361 101 311
1 14 41 629 360 101 311
1 14 42 629 361 101 311
1 14 43 629 361 101 311
1 14 44 629 361 101 311
1 14 45 628 362 101 310
1 14 46 628 362 100 310
1 14 47 628 362 100 310
1 14 48 628 363 100 308
1 14 49 628 365 99 307
1 14 50 628 365 99 306
1 14 51 628 366 99 306
1 14 52 628 366 99 305
1 14 53 628 366 99 305
1 14 54 628 366 99 305
1 14 55 628 366 99 305
1 14 56 628 366 99 305
1 14 57 628 365 99 306
1 14 58 628 365 99 306
1 14 59 628 364 99 307
1 14 60 628 364 99 307
1 14 61 627 364 100 308
1 14 62 627 364 99 308
1 14 63 627 364 99 308
1 14 64 627 365 98 308
1 14 65 628 365 98 307
1 14 66 628 365 98 307
1 14 67 628 365 97 307
1 14 68 628 365 97 307
1 14 69 628 366 96 306
1 14 70 628 365 96 306
1 14 71 628 365 96 305
1 14 72 628 365 96 305
1 14 73 629 366 97 305
1 14 74 628 365 97 306
1 14 75 628 366 97 305
1 14 76 628 366 98 305
1 14 77 628 366 98 305
1 14 78 628 366 98 305
1 14 79 627 366 98 305
1 14 80 627 366 98 306
1 14 81 626 366 98 305
1 14 82 625 366 98 305
1 14 83 624 367 98 304
1 14 84 624 367 98 304
1 14 85 624 367 97 304
1 14 86 624 367 97 303
1 14 87 624 367 97 303
1 14 88 624 368 96 303
1 14 89 623 368 96 303
1 14 90 622 368 96 303
1 14 91 620 369 96 303
1 14 92 619 369 95 302
1 14 93 619 370 95 301
1 14 94 618 370 95 301
1 14 95 618 370 95 302
1 14 96 618 370 94 301
1 14 97 618 371 94 300
1 14 98 619 372 93 299
1 14 99 619 373 92 297
1 14 100 619 373 91 296
1 14 101 619 373 91 296
1 14 102 619 373 91 296
1 14 103 617 374 92 295
1 14 104 616 376 92 294
1 14 105 613 377 92 292
1 14 106 612 379 93 291
1 14 107 614 379 94 291
1 14 108 612 379 95 291
1 14 109 611 380 95 289
1 14 110 610 380 96 289
1 14 111 611 381 96 288
1 14 112 610 381 96 288
1 14 113 610 381 96 288
1 14 114 610 381 95 287
1 14 115 610 381 95 289
1 14 116 609 380 95 289
1 14 117 609 380 95 289
1 14 118 610 381 96 288
1 14 119 611 382 96 288
1 14 120 609 383 96 287
1 14 121 607 383 95 286
1 14 122 608 383 95 286
1 14 123 607 383 95 286
1 14 124 604 382 95 283
1 14 125 602 382 95 283
1 14 126 600 382 94 283
1 14 127 602 383 94 281
1 14 128 603 383 92 276
1 14 129 601 383 93 275
1 14 130 600 383 92 272
1 14 131 602 383 90 265
1 14 132 605 383 90 265
1 14 133 605 384 88 258
1 14 134 603 385 88 255
1 14 135 604 385 89 257
1 14 136 604 385 90 259
1 14 137 604 385 92 265
1 14 138 604 385 93 268
1 14 139 604 385 94 269
1 14 140 603 385 95 271
1 14 141 602 385 96 273
1 14 142 600 385 97 275
1 14 143 600 386 99 278
1 14 144 599 387 100 279
1 14 145 600 388 101 280
1 14 146 600 389 101 278
1 14 147 598 389 101 277
1 14 148 599 390 101 277
1 14 149 600 390 102 276
1 14 150 600 390 102 276
1 14 151 601 389 102 276
1 14 152 602 389 102 276
1 14 153 601 388 103 276
1 14 154 542 295 152 405
1 15 1 361 378 96 292
1 15 2 362 376 96 293
1 15 3 362 374 97 295
1 15 4 363 374 97 295
1 15 5 364 374 96 295
1 15 6 364 375 96 293
1 15 7 365 374 96 293
1 15 8 366 375 96 292
1 15 9 365 375 96 292
1 15 10 365 375 95 292
1 15 11 365 375 95 291
1 15 12 365 375 95 291
1 15 13 364 375 95 290
1 15 14 364 376 94 290
1 15 15 362 376 93 289
1 15 16 361 376 92 289
1 15 17 361 376 91 288
1 15 18 360 376 90 288
1 15 19 361 377 89 288
1 15 20 361 377 88 288
1 15 21 362 376 88 288
1 15 22 361 376 87 288
1 15 23 362 376 86 288
1 15 24 362 376 85 288
1 15 25 365 377 85 287
1 15 26 367 378 85 286
1 15 27 366 378 85 286
1 15 28 365 379 85 286
1 15 29 366 379 86 286
1 15 30 366 380 86 285
1 15 31 366 380 86 285
1 15 32 365 380 86 285
1 15 33 366 380 86 284
1 15 34 365 380 86 284
1 15 35 366 380 86 284
1 15 36 366 380 86 284
1 15 37 366 380 86 283
1 15 38 366 381 86 283
1 15 39 366 381 86 282
1 15 40 366 381 85 282
1 15 41 366 381 85 283
1 15 42 366 380 86 283
1 15 43 366 381 85 283
1 15 44 366 380 86 283
1 15 45 366 380 86 283
1 15 46 366 380 86 284
1 15 47 366 380 86 284
1 15 48 366 380 87 284
1 15 49 365 380 86 283
1 15 50 365 380 87 284
1 15 51 365 380 87 284
1 15 52 365 380 87 284
1 15 53 365 380 87 284
1 15 54 365 380 87 284
1 15 55 364 380 87 285
1 15 56 364 380 88 285
1 15 57 364 380 88 285
1 15 58 364 379 88 285
1 15 59 364 379 88 285
1 15 60 364 379 88 285
1 15 61 364 379 88 285
1 15 62 364 378 88 286
1 15 63 364 375 89 289
1 15 64 365 371 90 293
1 15 65 366 368 91 297
1 15 66 367 365 92 299
1 15 67 367 363 93 302
1 15 68 367 362 94 304
1 15 69 367 361 94 304
1 15 70 367 361 95 305
1 15 71 366 361 94 303
1 15 72 366 363 94 302
1 15 73 366 363 94 301
1 15 74 367 362 93 301
1 15 75 368 362 94 303
1 15 76 369 362 93 302
1 15 77 370 360 93 303
1 15 78 370 361 93 304
1 15 79 370 361 94 305
1 15 80 370 361 94 305
1 15 81 371 360 94 307
1 15 82 371 360 94 307
1 15 83 371 359 94 308
1 15 84 370 358 94 308
1 15 85 369 357 94 309
1 15 86 369 356 95 310
1 15 87 368 356 96 311
1 15 88 367 355 96 311
1 15 89 366 355 97 311
1 15 90 365 355 98 311
1 15 91 363 356 99 311
1 15 92 361 356 99 311
1 15 93 363 356 99 310
1 15 94 362 356 99 310
1 15 95 360 357 98 307
1 15 96 360 361 97 303
1 15 97 359 364 96 299
1 15 98 358 367 96 296
1 15 99 356 369 96 294
1 15 100 355 370 96 294
1 15 101 354 370 96 292
1 15 102 355 371 97 293
1 15 103 353 371 98 292
1 15 104 351 371 98 292
1 15 105 354 373 97 287
1 15 106 365 376 95 279
1 16 1 191 379 92 301
1 16 2 191 380 91 300
1 16 3 192 379 92 301
1 16 4 193 383 91 297
1 16 5 194 383 91 296
1 16 6 195 383 91 296
1 16 7 196 383 91 295
1 16 8 195 382 92 296
1 16 9 196 382 92 296
1 16 10 197 382 93 297
1 16 11 198 381 93 298
1 16 12 200 381 93 298
1 16 13 204 381 93 298
1 16 14 206 381 93 298
1 16 15 208 380 93 300
1 16 16 209 381 93 300
1 16 17 210 381 92 299
1 16 18 211 381 92 299
1 16 19 212 381 92 299
1 16 20 212 381 92 300
1 16 21 213 380 92 301
1 16 22 215 379 92 302
1 16 23 215 378 92 303
1 16 24 216 378 91 303
1 16 25 217 378 91 303
1 16 26 218 377 91 304
1 16 27 218 376 91 305
1 16 28 219 375 90 306
1 16 29 219 375 90 306
1 16 30 219 374 90 307
1 16 31 219 374 89 307
1 16 32 218 374 89 307
1 16 33 218 374 89 307
1 16 34 218 374 89 307
1 16 35 218 374 89 307
1 16 36 218 374 88 307
1 16 37 218 374 88 306
1 16 38 218 375 88 306
1 16 39 217 375 88 306
1 16 40 217 375 87 305
1 16 41 216 375 87 305
1 16 42 215 376 87 305
1 16 43 214 376 87 305
1 16 44 214 376 87 304
1 16 45 213 376 87 304
1 16 46 211 376 87 304
1 16 47 211 376 87 304
1 16 48 210 376 87 303
1 16 49 210 377 86 303
1 16 50 209 376 86 303
1 16 51 208 376 86 303
1 16 52 208 376 86 304
1 16 53 207 375 85 304
1 16 54 207 375 85 304
1 16 55 206 375 85 304
1 16 56 206 375 85 304
1 16 57 206 375 85 304
1 16 58 205 375 84 304
1 16 59 205 375 84 305
1 16 60 205 375 84 305
1 16 61 205 374 84 305
1 16 62 205 374 84 305
1 16 63 205 374 84 305
1 16 64 205 374 83 306
1 16 65 205 374 83 306
1 16 66 205 374 83 306
1 16 67 205 374 83 306
1 16 68 205 374 82 305
1 16 69 203 374 83 305
1 16 70 203 375 83 305
1 16 71 201 375 83 305
1 16 72 197 374 84 306
1 16 73 194 374 86 306
1 16 74 192 374 87 306
1 16 75 192 374 88 306
1 16 76 197 374 88 305
1 16 77 199 374 88 305
1 16 78 197 375 88 305
1 16 79 197 375 88 305
1 16 80 200 375 88 305
1 16 81 203 375 88 304
1 16 82 206 375 88 304
1 16 83 209 375 89 305
1 16 84 212 375 91 305
1 16 85 213 377 92 303
1 16 86 213 377 93 303
1 16 87 213 378 94 302
1 16 88 213 377 95 303
1 16 89 212 377 97 303
1 16 90 210 377 99 305
1 16 91 211 377 101 305
1 16 92 210 377 103 305
1 16 93 210 375 106 307
1 16 94 209 367 110 316
1 16 95 208 365 112 318
1 16 96 207 362 115 321
1 16 97 206 359 117 324
1 16 98 207 359 118 324
1 16 99 209 361 118 321
1 16 100 213 374 116 307
1 16 101 215 377 117 304
1 16 102 216 378 119 302
1 16 103 229 386 117 293
1 16 104 249 389 114 289
1 16 105 265 390 111 287
1 16 106 272 385 113 289
1 16 107 279 382 114 291
1 16 108 285 378 116 297
1 16 109 300 373 122 304
1 16 110 308 370 128 310
1 16 111 316 370 131 309
1 16 112 324 386 128 293
1 16 113 335 392 128 286
1 16 114 347 387 131 292
1 16 115 353 379 135 300
1 16 116 357 376 135 302
1 16 117 361 377 133 298
1 16 118 368 377 130 295
1 16 119 376 377 128 294
1 16 120 387 378 127 294
1 16 121 393 378 126 295
1 16 122 400 379 124 294
1 16 123 404 381 122 292
1 16 124 408 383 121 290
1 16 125 411 383 121 291
1 16 126 413 386 121 288
1 16 127 415 385 121 289
1 16 128 417 382 121 291
1 16 129 418 376 123 297
1 16 130 422 377 120 295
1 16 131 425 384 116 288
1 16 132 427 388 114 283
1 16 133 429 390 112 282
1 16 134 436 394 109 278
1 16 135 439 396 108 277
1 16 136 445 400 105 273
1 16 137 449 403 103 270
1 16 138 453 406 101 267
1 16 139 455 410 99 263
1 16 140 457 413 98 260
1 16 141 459 418 96 255
1 16 142 461 422 94 251
1 16 143 463 427 92 246
1 16 144 464 435 89 238
1 16 145 465 440 87 233
1 16 146 465 446 86 227
1 16 147 466 451 84 221
1 16 148 467 458 83 215
1 16 149 467 463 82 210
1 16 150 467 468 81 205
1 16 151 468 472 80 201
1 16 152 468 475 80 197
1 16 153 468 478 79 195
1 17 1 730 365 104 305
1 17 2 731 365 104 305
1 17 3 729 365 104 306
1 17 4 730 365 105 307
1 17 5 732 364 105 307
1 17 6 733 364 105 307
1 17 7 735 364 106 307
1 17 8 735 364 107 305
1 17 9 734 365 107 304
1 17 10 734 365 109 303
1 17 11 734 364 110 305
1 17 12 730 364 111 305
1 17 13 733 364 112 305
1 17 14 732 365 114 307
1 17 15 733 365 116 305
1 17 16 732 365 118 305
1 17 17 730 365 120 305
1 17 18 718 365 119 304
1 17 19 714 365 118 303
1 17 20 711 366 118 302
1 17 21 710 367 117 301
1 17 22 708 367 117 300
1 17 23 704 367 118 300
1 17 24 703 367 118 299
1 17 25 703 367 118 299
1 17 26 704 366 118 300
1 17 27 704 365 119 301
1 17 28 703 364 120 302
1 17 29 704 363 121 304
1 17 30 702 363 121 305
1 17 31 701 363 121 304
1 17 32 701 363 121 304
1 17 33 702 363 121 304
1 17 34 702 363 121 304
1 17 35 702 362 121 304
1 17 36 703 362 122 304
1 17 37 704 362 122 305
1 17 38 703 362 122 305
1 17 39 703 362 122 305
1 17 40 704 362 123 305
1 17 41 704 362 124 305
1 17 42 705 362 125 306
1 17 43 705 361 125 306
1 17 44 706 361 126 306
1 17 45 706 361 127 306
1 17 46 706 361 127 306
1 17 47 706 360 128 307
1 17 48 704 360 128 306
1 17 49 702 360 128 307
1 17 50 702 359 128 308
1 17 51 702 359 128 309
1 17 52 702 360 127 309
1 17 53 702 359 127 310
1 17 54 702 359 126 310
1 17 55 702 359 126 310
1 17 56 702 359 125 310
1 17 57 703 357 125 311
1 17 58 703 357 124 311
1 17 59 703 358 123 310
1 17 60 703 357 122 311
1 17 61 704 357 121 311
1 17 62 704 358 120 310
1 17 63 704 359 120 309
1 17 64 705 359 119 309
1 17 65 705 359 119 309
1 17 66 705 359 119 309
1 17 67 705 358 119 310
1 17 68 705 357 119 311
1 17 69 705 357 118 312
1 17 70 705 359 118 309
1 17 71 705 361 117 307
1 17 72 706 364 116 304
1 17 73 707 368 115 300
1 17 74 708 372 115 296
1 17 75 708 377 114 291
1 17 76 709 381 113 287
1 17 77 708 385 113 284
1 17 78 708 386 113 283
1 17 79 707 387 113 282
1 17 80 706 387 114 282
1 17 81 706 386 115 282
1 17 82 705 386 117 283
1 17 83 703 385 118 284
1 17 84 703 383 119 286
1 17 85 705 382 119 287
1 17 86 706 380 120 288
1 17 87 706 378 121 289
1 17 88 704 376 122 293
1 17 89 704 375 122 294
1 17 90 702 373 122 295
1 17 91 702 372 122 296
1 17 92 702 371 122 297
1 17 93 703 370 123 298
1 17 94 704 369 123 299
1 17 95 702 369 124 300
1 17 96 703 369 124 299
1 17 97 700 369 125 299
1 17 98 699 370 124 298
1 17 99 697 370 123 297
1 17 100 694 371 123 297
1 17 101 694 373 122 296
1 17 102 694 376 121 295
1 17 103 692 378 120 293
1 17 104 693 381 119 291
1 17 105 694 384 119 288
1 17 106 697 386 119 286
1 17 107 696 387 119 286
1 17 108 693 388 120 284
1 17 109 690 389 121 283
1 17 110 688 390 122 282
1 17 111 684 393 122 280
1 17 112 678 394 125 279
1 17 113 669 394 124 278
1 17 114 666 398 122 274
1 17 115 661 402 120 270
1 17 116 661 408 116 263
1 17 117 666 410 116 263
1 17 118 669 412 118 262
1 18 1 565 367 79 304
1 18 2 566 368 79 303
1 18 3 565 368 79 302
1 18 4 565 368 79 303
1 18 5 565 367 79 302
1 18 6 566 367 79 302
1 18 7 565 367 79 302
1 18 8 565 367 80 302
1 18 9 565 367 80 302
1 18 10 565 367 80 302
1 18 11 564 367 81 302
1 18 12 564 367 81 302
1 18 13 565 367 81 301
1 18 14 565 367 81 300
1 18 15 565 367 82 300
1 18 16 565 368 82 300
1 18 17 565 368 83 300
1 18 18 566 368 83 300
1 18 19 566 368 83 301
1 18 20 566 368 83 301
1 18 21 566 367 84 301
1 18 22 566 367 84 302
1 18 23 566 367 84 301
1 18 24 565 367 84 301
1 18 25 565 368 84 301
1 18 26 566 368 84 300
1 18 27 566 368 84 300
1 18 28 565 368 84 300
1 18 29 565 368 84 300
1 18 30 565 368 84 300
1 18 31 565 368 84 300
1 18 32 565 368 84 300
1 18 33 565 368 84 300
1 18 34 565 368 84 300
1 18 35 565 368 84 300
1 18 36 565 368 84 300
1 18 37 564 367 83 300
1 18 38 564 367 83 300
1 18 39 564 367 83 300
1 18 40 564 367 83 301
1 18 41 564 367 84 301
1 18 42 563 367 84 301
1 18 43 563 367 84 301
1 18 44 563 367 84 301
1 18 45 563 367 84 301
1 18 46 563 367 84 301
1 18 47 563 367 84 301
1 18 48 563 366 84 301
1 18 49 563 366 83 301
1 18 50 563 366 83 301
1 18 51 562 366 83 301
1 18 52 562 366 83 301
1 18 53 562 366 83 301
1 18 54 562 366 83 301
1 18 55 562 366 83 301
1 18 56 562 367 83 301
1 18 57 562 367 83 301
1 18 58 562 367 83 301
1 18 59 562 367 83 300
1 18 60 562 367 83 301
1 18 61 563 367 83 301
1 18 62 563 367 83 301
1 18 63 563 366 83 301
1 18 64 563 366 83 301
1 18 65 564 366 83 301
1 18 66 564 366 83 301
1 18 67 564 366 83 302
1 18 68 564 366 83 302
1 18 69 564 366 83 302
1 18 70 564 366 83 302
1 18 71 564 366 83 302
1 18 72 564 366 83 302
1 18 73 563 366 83 303
1 18 74 563 366 83 303
1 18 75 563 366 83 303
1 18 76 563 366 83 303
1 18 77 564 366 83 303
1 18 78 564 366 83 303
1 18 79 564 366 83 303
1 18 80 564 366 83 303
1 18 81 564 366 83 303
1 18 82 565 366 83 304
1 18 83 565 365 83 304
1 18 84 565 365 83 305
1 18 85 565 364 83 305
1 18 86 565 364 83 304
1 18 87 565 364 83 304
1 18 88 565 365 83 304
1 18 89 565 365 82 304
1 18 90 565 365 82 303
1 18 91 565 366 82 302
1 18 92 565 367 82 302
1 18 93 565 367 81 302
1 18 94 565 367 81 301
1 18 95 565 367 81 302
1 18 96 565 366 81 303
1 18 97 566 366 81 303
1 18 98 565 366 81 303
1 18 99 565 367 80 302
1 18 100 565 367 80 302
1 18 101 565 367 80 301
1 18 102 565 367 81 302
1 18 103 565 366 81 302
1 18 104 565 366 81 302
1 18 105 565 367 81 302
1 18 106 565 367 81 301
1 18 107 566 367 81 301
1 18 108 565 367 82 302
1 18 109 566 368 82 301
1 18 110 565 369 82 300
1 18 111 565 369 82 299
1 18 112 566 370 82 298
1 18 113 565 371 82 298
1 18 114 565 371 82 297
1 18 115 565 372 82 296
1 18 116 566 373 81 295
1 18 117 565 373 81 295
1 18 118 565 374 81 295
1 18 119 564 373 81 296
1 18 120 564 372 82 297
1 18 121 563 371 82 298
1 18 122 562 370 82 299
1 18 123 562 370 83 298
1 18 124 560 371 82 297
1 18 125 560 371 82 295
1 18 126 559 371 82 294
1 18 127 559 371 81 294
1 18 128 559 370 81 294
1 18 129 560 369 81 294
1 18 130 561 369 80 293
1 18 131 562 369 80 291
1 18 132 562 368 80 292
1 18 133 563 368 78 288
1 18 134 564 368 77 282
1 18 135 564 369 76 281
1 18 136 563 370 75 279
1 18 137 562 370 76 280
1 18 138 562 370 76 281
1 18 139 562 371 75 277
1 18 140 562 371 75 275
1 18 141 562 372 77 277
1 18 142 562 373 78 280
1 18 143 561 374 79 283
1 18 144 562 376 78 277
1 18 145 560 377 77 274
1 18 146 561 378 76 271
1 18 147 561 379 76 268
1 18 148 562 380 75 265
1 18 149 562 381 75 263
1 18 150 562 382 75 262
1 18 151 562 383 75 259
1 18 152 562 384 75 257
1 18 153 562 385 75 256
1 19 1 669 350 100 317
1 19 2 670 351 100 317
1 19 3 671 350 100 316
1 19 4 671 350 100 316
1 19 5 673 350 100 316
1 19 6 673 351 100 314
1 19 7 674 352 100 312
1 19 8 675 352 100 311
1 19 9 675 353 101 309
1 19 10 674 354 101 308
1 19 11 673 354 102 309
1 19 12 672 354 103 311
1 19 13 670 354 104 312
1 19 14 669 355 103 309
1 19 15 668 356 102 307
1 19 16 668 355 102 307
1 19 17 664 356 101 306
1 19 18 663 356 102 309
1 19 19 660 356 102 308
1 19 20 658 358 101 307
1 19 21 656 358 100 305
1 19 22 657 360 98 302
1 2 1 253 362 101 314
1 2 2 252 361 101 315
1 2 3 251 360 101 316
1 2 4 252 360 101 316
1 2 5 252 359 101 315
1 2 6 253 360 101 315
1 2 7 253 360 101 314
1 2 8 253 361 101 314
1 2 9 255 361 101 313
1 2 10 254 361 101 313
1 2 11 253 361 101 313
1 2 12 251 360 101 313
1 2 13 252 359 101 314
1 2 14 253 359 101 314
1 2 15 253 359 100 314
1 2 16 254 360 99 314
1 2 17 254 359 99 315
1 2 18 256 359 98 314
1 2 19 256 359 97 314
1 2 20 257 359 96 314
1 2 21 258 359 96 314
1 2 22 258 358 96 315
1 2 23 259 359 95 315
1 2 24 258 358 95 315
1 2 25 259 359 95 315
1 2 26 259 359 95 316
1 2 27 259 359 95 316
1 2 28 260 359 95 316
1 2 29 259 359 95 316
1 2 30 257 358 95 316
1 2 31 258 359 95 316
1 2 32 259 359 95 316
1 2 33 259 358 95 316
1 2 34 259 359 94 315
1 2 35 260 359 94 315
1 2 36 259 359 93 315
1 2 37 259 359 94 315
1 2 38 258 358 94 316
1 2 39 258 358 94 316
1 2 40 258 358 94 316
1 2 41 259 359 93 315
1 2 42 260 359 93 315
1 2 43 261 359 93 314
1 2 44 262 359 93 315
1 2 45 262 359 93 314
1 2 46 260 358 93 315
1 2 47 260 357 93 316
1 2 48 261 357 93 316
1 2 49 261 358 93 315
1 2 50 262 359 93 314
1 2 51 263 360 93 313
1 2 52 264 360 93 314
1 2 53 265 360 93 314
1 2 54 266 360 93 313
1 2 55 265 360 94 313
1 2 56 264 360 94 313
1 2 57 262 360 94 314
1 2 58 261 359 94 314
1 2 59 260 360 94 314
1 2 60 260 360 94 314
1 2 61 260 360 94 313
1 2 62 258 359 93 313
1 2 63 257 359 93 313
1 2 64 255 358 93 314
1 2 65 255 358 92 314
1 2 66 255 359 92 314
1 2 67 255 358 91 310
1 2 68 255 358 90 310
1 2 69 255 358 90 309
1 2 70 255 358 89 308
1 2 71 255 358 89 308
1 2 72 255 359 89 308
1 2 73 256 358 89 309
1 2 74 256 358 89 310
1 2 75 256 358 89 310
1 2 76 257 357 89 311
1 2 77 257 357 88 311
1 2 78 257 357 88 310
1 2 79 258 357 88 309
1 2 80 259 357 87 309
1 2 81 259 357 87 309
1 2 82 259 357 87 309
1 2 83 259 357 87 308
1 2 84 259 358 87 306
1 2 85 259 357 88 307
1 2 86 259 357 89 309
1 2 87 258 357 90 308
1 2 88 255 356 90 307
1 2 89 251 356 90 307
1 2 90 248 357 91 307
1 2 91 247 357 91 309
1 2 92 246 358 91 309
1 2 93 245 359 91 307
1 2 94 246 359 90 306
1 3 1 426 365 93 303
1 3 2 428 365 93 303
1 3 3 429 365 93 303
1 3 4 431 364 93 303
1 3 5 434 364 93 303
1 3 6 436 364 93 303
1 3 7 434 363 94 304
1 3 8 431 362 94 305
1 3 9 430 362 95 306
1 3 10 430 362 96 305
1 3 11 429 362 96 305
1 3 12 429 362 96 305
1 3 13 430 362 96 304
1 3 14 431 362 96 304
1 3 15 430 363 96 303
1 3 16 429 363 96 302
1 3 17 428 364 96 302
1 3 18 428 365 96 301
1 3 19 425 365 96 301
1 3 20 424 365 96 301
1 3 21 424 366 97 300
1 3 22 423 366 97 300
1 3 23 423 366 97 300
1 3 24 424 366 97 300
1 3 25 422 366 98 300
1 3 26 420 365 99 300
1 3 27 419 365 100 301
1 3 28 419 365 101 301
1 3 29 419 364 101 301
1 3 30 418 364 102 301
1 3 31 418 364 102 301
1 3 32 418 364 102 301
1 3 33 417 363 103 302
1 3 34 417 363 103 302
1 3 35 419 363 103 302
1 3 36 420 362 102 302
1 3 37 419 362 102 303
1 3 38 418 362 102 303
1 3 39 418 362 102 303
1 3 40 418 362 102 303
1 3 41 417 362 102 303
1 3 42 415 362 102 302
1 3 43 415 362 103 302
1 3 44 414 363 103 302
1 3 45 413 363 103 302
1 3 46 413 363 103 302
1 3 47 413 363 104 302
1 3 48 413 363 104 302
1 3 49 415 363 104 302
1 3 50 416 363 104 302
1 3 51 416 363 104 302
1 3 52 416 363 104 302
1 3 53 416 363 104 302
1 3 54 416 363 104 302
1 3 55 415 363 104 302
1 3 56 414 363 105 302
1 3 57 414 363 105 302
1 3 58 414 363 105 302
1 3 59 415 363 105 302
1 3 60 414 363 105 302
1 3 61 414 363 105 302
1 3 62 414 363 106 302
1 3 63 412 363 106 302
1 3 64 412 363 107 302
1 3 65 412 364 108 302
1 3 66 412 364 108 302
1 3 67 414 364 109 302
1 3 68 415 365 108 302
1 3 69 416 365 108 302
1 3 70 416 365 108 302
1 3 71 417 365 108 302
1 3 72 418 365 108 302
1 3 73 419 365 107 302
1 3 74 419 365 107 302
1 3 75 418 365 107 302
1 3 76 418 365 107 302
1 3 77 416 365 107 302
1 3 78 415 365 107 303
1 3 79 416 365 107 303
1 3 80 415 365 107 303
1 3 81 415 364 107 303
1 3 82 416 364 107 304
1 3 83 416 364 107 304
1 3 84 417 363 107 305
1 3 85 417 363 107 305
1 3 86 417 363 106 305
1 3 87 416 363 106 305
1 3 88 415 363 106 304
1 3 89 415 364 106 304
1 3 90 415 364 106 303
1 3 91 415 364 105 303
1 3 92 416 364 105 303
1 3 93 417 364 105 303
1 3 94 416 364 105 303
1 3 95 415 364 105 303
1 3 96 416 364 105 303
1 3 97 417 365 104 303
1 3 98 418 365 103 303
1 3 99 418 365 103 303
1 3 100 419 364 103 303
1 3 101 418 364 103 304
1 3 102 419 363 103 305
1 3 103 418 362 103 306
1 3 104 418 362 104 306
1 3 105 420 362 104 306
1 3 106 420 361 105 307
1 3 107 419 361 106 307
1 3 108 418 361 106 307
1 3 109 417 361 106 306
1 3 110 417 361 106 305
1 3 111 417 362 106 305
1 3 112 419 362 105 303
1 3 113 423 362 104 302
1 3 114 425 363 104 300
1 3 115 427 364 102 298
1 3 116 431 365 101 296
1 3 117 433 366 100 295
1 3 118 435 366 100 295
1 3 119 434 365 100 296
1 3 120 434 365 101 297
1 3 121 434 364 101 297
1 3 122 435 363 101 298
1 3 123 437 362 101 298
1 4 1 303 373 82 296
1 4 2 304 373 82 295
1 4 3 304 373 82 296
1 4 4 305 374 81 294
1 4 5 306 374 81 293
1 4 6 307 374 81 293
1 4 7 307 374 82 293
1 4 8 308 374 82 292
1 4 9 309 373 82 291
1 4 10 309 373 82 291
1 4 11 309 373 82 292
1 4 12 310 373 82 293
1 4 13 309 372 83 293
1 4 14 309 372 83 292
1 4 15 309 373 83 291
1 4 16 309 373 83 291
1 4 17 309 373 83 292
1 4 18 309 372 83 292
1 4 19 309 372 84 291
1 4 20 308 372 84 291
1 4 21 307 372 84 292
1 4 22 307 372 85 292
1 4 23 307 372 85 292
1 4 24 308 372 85 293
1 4 25 309 372 85 293
1 4 26 309 372 85 292
1 4 27 309 372 86 293
1 4 28 309 372 86 294
1 4 29 309 372 86 294
1 4 30 310 371 87 294
1 4 31 310 371 87 294
1 4 32 310 372 87 294
1 4 33 310 371 87 295
1 4 34 310 371 88 295
1 4 35 310 371 88 295
1 4 36 310 371 88 296
1 4 37 311 371 88 295
1 4 38 311 371 88 295
1 4 39 311 371 89 294
1 4 40 310 371 89 294
1 4 41 310 371 89 295
1 4 42 310 371 90 295
1 4 43 310 371 90 295
1 4 44 310 371 90 295
1 4 45 309 372 90 294
1 4 46 309 372 90 295
1 4 47 309 372 90 295
1 4 48 309 372 90 295
1 4 49 310 371 90 295
1 4 50 310 371 90 295
1 4 51 310 371 89 294
1 4 52 310 370 90 295
1 4 53 309 370 90 295
1 4 54 309 370 89 295
1 4 55 309 370 89 295
1 4 56 309 370 90 297
1 4 57 308 370 90 297
1 4 58 308 370 90 298
1 4 59 307 370 91 299
1 4 60 306 369 91 299
1 4 61 305 369 92 300
1 4 62 303 369 93 300
1 4 63 301 369 93 300
1 4 64 300 369 94 299
1 4 65 300 369 95 299
1 4 66 300 369 95 299
1 4 67 294 369 97 302
1 4 68 293 369 99 302
1 4 69 291 369 100 303
1 4 70 290 369 102 303
1 4 71 289 369 103 303
1 4 72 292 369 103 303
1 4 73 292 369 103 302
1 4 74 291 369 104 303
1 4 75 290 369 105 303
1 4 76 290 369 106 303
1 4 77 289 369 107 303
1 4 78 288 369 108 303
1 4 79 287 368 109 304
1 4 80 286 368 110 304
1 4 81 285 368 111 305
1 4 82 287 368 111 304
1 4 83 283 367 113 305
1 4 84 281 366 115 307
1 4 85 278 364 117 308
1 4 86 276 364 119 308
1 4 87 276 365 121 308
1 4 88 278 366 121 307
1 4 89 279 368 121 305
1 4 90 279 367 122 306
1 4 91 277 365 123 308
1 4 92 276 363 123 310
1 4 93 275 361 123 311
1 4 94 274 361 123 312
1 4 95 275 361 122 312
1 4 96 276 361 120 311
1 4 97 282 364 117 306
1 4 98 287 367 113 301
1 4 99 291 367 109 299
1 4 100 293 366 107 300
1 4 101 293 366 106 301
1 4 102 295 366 104 302
1 4 103 297 365 102 301
1 4 104 299 364 100 300
1 4 105 303 364 97 298
1 4 106 309 370 94 291
1 5 19 750 349 112 321
1 5 20 749 349 112 320
1 5 21 747 349 111 318
1 5 22 746 349 111 317
1 5 23 746 349 110 317
1 5 24 746 349 111 317
1 5 25 744 349 111 317
1 5 26 742 349 112 317
1 5 27 741 349 113 317
1 5 28 743 349 114 317
1 5 29 742 349 115 317
1 5 30 744 349 117 317
1 5 31 744 349 119 317
1 5 32 745 349 120 317
1 5 33 747 349 123 318
1 5 34 747 348 125 319
1 5 35 748 348 128 319
1 5 36 746 348 129 318
1 5 37 741 348 130 316
1 5 38 739 347 131 316
1 5 39 737 347 132 316
1 5 40 736 347 132 317
1 5 41 736 347 131 318
1 5 42 736 347 131 320
1 5 43 739 348 130 320
1 5 44 740 349 129 318
1 5 45 745 350 128 318
1 5 46 751 351 131 324
1 5 47 754 351 132 325
1 5 48 757 351 129 320
1 5 49 757 351 128 318
1 5 50 757 351 127 317
1 5 51 756 351 125 317
1 5 52 756 350 124 318
1 5 53 757 350 123 319
1 5 54 757 350 122 319
1 5 55 757 350 121 320
1 5 56 757 350 120 320
1 5 57 757 350 119 319
1 5 58 758 350 118 319
1 5 59 758 350 117 320
1 5 60 758 350 118 322
1 5 61 759 350 117 321
1 5 62 760 350 117 321
1 5 63 761 351 117 320
1 5 64 762 351 118 320
1 5 65 762 351 118 320
1 5 66 762 352 118 319
1 5 67 762 351 119 320
1 5 68 762 350 119 320
1 5 69 762 350 119 321
1 5 70 761 349 120 321
1 5 71 760 349 119 320
1 5 72 760 350 119 320
1 5 73 758 349 119 320
1 5 74 758 349 118 320
1 5 75 756 349 118 321
1 5 76 756 349 117 321
1 5 77 755 349 117 322
1 5 78 755 349 117 323
1 5 79 755 349 117 323
1 5 80 755 350 117 322
1 5 81 754 350 116 322
1 5 82 754 350 116 322
1 5 83 754 350 117 323
1 5 84 753 350 118 326
1 5 85 753 351 118 327
1 5 86 753 351 119 329
1 5 87 753 352 117 322
1 5 88 752 352 120 328
1 5 89 752 351 119 324
1 5 90 752 351 119 322
1 5 91 752 351 119 323
1 5 92 750 351 120 324
1 5 93 749 351 120 323
1 5 94 747 351 120 323
1 5 95 745 351 119 320
1 5 96 742 351 119 321
1 5 97 741 351 118 319
1 5 98 741 350 117 318
1 5 99 740 349 116 318
1 5 100 739 349 116 319
1 5 101 737 349 116 319
1 5 102 736 349 115 318
1 5 103 734 350 115 317
1 5 104 731 350 115 317
1 5 105 730 350 115 315
1 5 106 728 351 115 313
1 5 107 723 350 115 314
1 5 108 719 350 114 315
1 5 109 717 351 111 307
1 5 110 718 352 110 304
1 5 111 718 353 110 304
1 5 112 714 355 109 305
1 5 113 711 358 110 306
1 5 114 706 359 110 306
1 5 115 702 360 111 308
1 5 116 702 360 109 306
1 5 117 699 359 109 307
1 5 119 686 358 110 309
1 5 120 683 357 110 308
1 5 121 679 357 109 304
1 5 122 678 355 109 301
1 5 123 676 355 112 307
1 5 124 667 386 106 282
1 5 125 664 395 106 277
1 5 126 661 401 107 275
1 5 127 659 403 108 272
1 5 128 658 404 108 269
1 5 129 664 406 111 269
1 5 130 667 408 114 268
1 5 131 668 411 117 265
1 5 132 669 411 119 265
1 5 133 668 413 120 263
1 5 134 668 412 122 264
1 5 135 668 411 124 266
1 5 136 668 412 126 265
1 5 137 668 410 128 267
1 5 138 667 407 130 270
1 5 139 667 405 132 272
1 5 140 666 404 133 274
1 5 141 665 403 135 275
1 5 142 664 403 135 275
1 5 143 664 403 136 274
1 5 144 665 403 136 274
1 5 145 665 403 137 274
1 5 146 666 404 137 273
1 5 147 667 404 137 272
1 5 148 668 405 137 271
1 5 149 668 405 137 271
1 5 150 667 405 138 271
1 5 151 667 407 137 269
1 5 152 667 407 138 269
1 5 153 667 406 139 269
1 5 154 632 328 187 377
1 6 56 649 350 104 313
1 6 57 650 349 104 315
1 6 58 651 349 104 315
1 6 59 652 349 105 316
1 6 60 652 349 104 316
1 6 61 652 349 104 316
1 6 62 652 349 104 315
1 6 63 652 349 104 316
1 6 64 651 348 104 316
1 6 65 651 348 104 317
1 6 66 651 348 104 317
1 6 67 651 347 104 316
1 6 68 652 348 104 316
1 6 69 652 348 104 315
1 6 70 652 348 104 315
1 6 71 653 348 104 314
1 6 72 653 349 104 313
1 6 73 653 349 104 313
1 6 74 653 349 104 312
1 6 75 654 349 104 312
1 6 76 654 349 104 312
1 6 77 655 349 104 312
1 6 78 656 349 105 312
1 6 79 656 349 105 312
1 6 80 656 349 105 312
1 6 81 655 349 105 312
1 6 82 653 349 105 312
1 6 83 652 349 105 314
1 6 84 652 348 105 315
1 6 85 652 348 105 316
1 6 86 651 348 106 318
1 6 87 652 347 105 316
1 6 88 655 347 105 316
1 6 89 658 347 105 317
1 6 90 661 348 105 316
1 6 91 663 347 106 317
1 6 92 664 346 107 320
1 6 93 665 346 106 317
1 6 94 667 345 107 319
1 6 95 667 346 108 319
1 6 96 667 346 108 319
1 6 97 668 347 106 314
1 6 98 670 348 106 313
1 6 99 670 349 105 310
1 6 100 670 351 104 306
1 6 101 667 353 103 305
1 6 102 665 354 102 305
1 6 103 662 356 102 304
1 6 104 659 359 101 303
1 6 105 657 361 100 300
1 6 106 655 363 100 298
1 6 107 651 362 100 299
1 6 108 651 362 100 300
1 6 109 649 361 101 302
1 6 110 647 359 101 305
1 6 111 645 358 101 304
1 6 112 647 355 101 304
1 6 113 647 354 101 304
1 6 114 648 353 100 299
1 6 115 647 352 101 303
1 6 116 648 353 98 297
1 6 117 646 353 100 302
1 6 118 646 354 99 302
1 6 119 647 354 97 294
1 6 120 646 353 96 291
1 6 121 647 353 93 281
1 6 122 646 353 92 280
1 6 123 647 352 88 266
1 6 124 647 351 88 262
1 6 125 646 351 89 264
1 6 126 642 350 89 264
1 6 127 638 350 91 271
1 6 128 636 350 90 269
1 6 129 633 355 86 257
1 6 130 631 354 87 261
1 6 131 630 354 86 259
1 6 132 628 353 87 260
1 6 133 627 352 87 261
1 6 134 627 349 88 262
1 6 135 630 349 88 260
1 6 136 631 346 88 260
1 6 137 631 345 90 264
1 6 138 631 344 92 271
1 6 139 630 343 95 279
1 6 140 631 343 96 283
1 6 141 630 343 99 289
1 6 142 629 343 100 292
1 6 143 628 344 101 296
1 6 144 627 345 100 294
1 6 145 627 345 99 293
1 6 146 626 346 98 290
1 6 147 625 346 97 287
1 6 148 625 346 96 284
1 6 149 625 347 96 282
1 6 150 624 347 97 287
1 6 151 624 348 96 282
1 6 152 624 348 95 280
1 6 153 623 350 98 290
1 7 104 217 355 103 322
1 7 105 222 355 102 320
1 7 106 225 355 102 319
1 7 107 228 354 103 320
1 7 108 227 354 102 318
1 7 109 228 353 102 319
1 7 110 229 354 101 319
1 7 111 231 354 101 318
1 7 112 230 354 101 318
1 7 113 231 354 100 317
1 7 114 232 354 100 318
1 7 115 234 354 100 318
1 7 116 237 353 100 318
1 7 117 237 355 100 317
1 7 118 241 354 100 317
1 7 119 243 356 100 316
1 7 120 246 356 101 316
1 7 121 250 358 102 314
1 7 122 253 359 103 313
1 7 123 254 361 104 311
1 7 124 256 363 105 309
1 7 125 259 363 106 309
1 7 126 264 364 106 307
1 7 127 270 364 105 304
1 7 128 277 363 105 305
1 7 129 282 362 104 306
1 7 130 286 362 104 307
1 7 131 290 361 103 309
1 7 132 293 360 102 309
1 7 133 297 361 102 308
1 7 134 301 362 101 307
1 7 135 305 363 100 307
1 7 136 307 363 100 307
1 7 137 309 363 100 307
1 7 138 311 362 100 309
1 7 139 314 361 100 311
1 7 140 315 360 100 312
1 7 141 317 360 100 312
1 7 142 319 360 100 311
1 7 143 321 360 100 311
1 7 144 323 361 100 310
1 7 145 326 361 101 309
1 7 146 328 360 102 309
1 7 147 328 360 103 309
1 7 148 329 360 104 309
1 7 149 330 359 106 309
1 7 150 330 359 107 309
1 7 151 330 359 108 309
1 7 152 330 359 109 309
1 7 153 329 359 111 309
1 7 154 318 293 145 409
1 8 116 334 366 93 295
1 8 117 338 366 94 298
1 8 118 343 367 95 300
1 8 119 346 368 95 301
1 8 120 348 368 95 300
1 8 121 349 368 96 301
1 8 122 350 368 95 302
1 8 123 351 369 95 300
1 8 124 353 368 94 300
1 8 125 356 368 94 300
1 8 126 358 367 95 301
1 8 127 361 365 95 303
1 8 128 363 364 95 304
1 8 129 366 363 95 304
1 8 130 368 363 95 305
1 8 131 369 364 95 304
1 8 132 372 365 94 302
1 8 133 373 367 93 301
1 8 134 375 369 93 299
1 8 135 378 369 93 298
1 8 136 378 369 93 298
1 8 137 378 369 93 299
1 8 138 378 368 93 299
1 8 139 376 368 93 299
1 8 140 374 368 92 300
1 8 141 374 367 92 301
1 8 142 373 367 92 301
1 8 143 373 368 92 300
1 8 144 374 368 91 299
1 8 145 374 369 90 296
1 8 146 375 369 89 295
1 8 147 375 368 89 294
1 8 148 375 368 88 293
1 8 149 376 367 88 293
1 8 150 377 367 88 292
1 8 151 377 368 88 293
1 8 152 379 368 87 292
1 8 153 380 368 86 291
1 9 130 669 350 114 298
1 9 131 673 350 111 290
1 9 132 674 349 108 282
1 9 133 674 349 106 279
1 9 134 673 350 107 281
1 9 135 675 351 105 275
1 9 136 676 352 104 272
1 9 137 678 353 105 274
1 9 138 677 352 107 279
1 9 139 676 353 109 285
1 9 140 678 352 110 287
1 9 141 678 352 110 287
1 9 142 679 351 111 291
1 9 143 680 351 111 291
1 9 144 683 350 109 285
1 9 145 683 350 108 283
1 9 146 684 350 108 281
1 9 147 683 350 110 287
1 9 148 683 350 111 289
1 9 149 684 350 111 290
1 9 150 684 350 112 293
1 9 151 684 351 113 296
1 9 154 735 302 158 406
1 10 136 386 297 116 330
1 10 137 387 295 116 329
1 10 138 387 294 116 330
1 10 139 389 292 115 328
1 10 140 391 291 115 329
1 10 141 393 290 113 324
1 10 142 398 290 112 321
1 10 143 402 290 110 318
1 10 144 406 291 106 305
1 10 145 409 292 103 295
1 10 146 411 293 101 288
1 10 147 412 295 99 282
1 10 148 412 296 99 280
1 10 149 412 296 99 278
1 10 150 412 296 100 280
1 10 151 412 296 101 282
1 10 152 413 296 101 281
1 10 153 413 297 101 280
1 10 154 373 183 158 442
1 12 137 435 359 92 299
1 12 138 435 357 93 303
1 12 139 434 358 94 305
1 12 140 433 358 95 307
1 12 141 432 358 95 309
1 12 142 432 358 95 309
1 12 143 432 359 95 308
1 12 144 430 361 95 307
1 12 145 431 362 94 305
1 12 146 431 363 94 304
1 12 147 431 363 93 303
1 12 148 431 364 93 303
1 12 149 431 364 94 303
1 12 150 432 364 94 303
1 12 151 432 365 94 303
1 12 152 432 365 95 303
1 12 153 432 365 95 302
2 7 1 207 247 189 472
2 7 2 206 247 189 472
2 7 3 206 246 189 473
2 7 4 205 244 190 475
2 7 5 204 243 190 476
2 7 6 202 242 190 477
2 7 7 201 242 189 476
2 7 8 202 242 188 476
2 7 9 201 243 188 476
2 7 10 201 243 187 476
2 7 11 202 243 186 475
2 7 12 203 244 185 475
2 7 13 203 244 185 474
2 7 14 203 245 184 474
2 7 15 205 245 184 474
2 7 16 205 245 184 474
2 7 17 205 245 184 474
2 7 18 204 245 183 474
2 7 19 203 244 183 475
2 7 20 203 244 183 475
2 7 21 204 243 183 476
2 7 22 203 242 182 476
2 7 23 203 242 182 477
2 7 24 203 241 182 478
2 7 25 203 240 181 478
2 7 26 203 240 181 479
2 7 27 203 240 181 479
2 7 28 204 240 181 479
2 7 29 204 240 181 479
2 7 30 204 240 180 479
2 7 31 205 240 181 479
2 7 32 205 240 181 479
2 7 33 205 240 181 479
2 7 34 205 240 180 480
2 7 35 204 239 180 480
2 7 36 205 239 180 481
2 7 37 204 238 180 481
2 7 38 204 238 180 482
2 7 39 205 237 180 482
2 7 40 205 236 181 483
2 7 41 208 236 182 484
2 7 42 216 235 186 484
2 7 43 212 235 187 485
2 7 44 205 234 187 485
2 7 45 201 234 186 485
2 7 46 202 234 186 485
2 7 47 207 234 188 485
2 7 48 211 234 190 485
2 7 49 217 234 194 485
2 7 50 219 234 199 485
2 7 51 219 234 203 484
2 7 52 218 235 206 484
2 7 53 220 236 210 483
2 7 54 221 237 214 481
2 7 55 220 238 217 481
2 7 56 217 238 220 480
2 7 57 220 239 224 480
2 7 58 217 239 227 480
2 7 59 216 239 229 480
2 7 60 217 239 233 479
2 7 61 214 240 235 479
2 7 62 213 240 237 479
2 7 63 213 240 240 479
2 7 64 212 240 242 479
2 7 65 211 240 244 479
2 7 66 210 240 246 479
2 7 67 209 240 247 479
2 7 68 208 240 248 479
2 7 69 207 241 250 478
2 7 70 207 241 251 478
2 7 71 208 241 253 478
2 7 72 207 241 255 478
2 7 73 206 242 256 477
2 7 74 206 242 257 477
2 7 75 204 242 258 477
2 7 76 203 242 258 477
2 7 77 201 241 258 478
2 7 78 203 242 259 477
2 7 79 203 242 259 477
2 7 80 203 243 259 476
2 7 81 205 243 259 476
2 7 82 208 243 261 476
2 7 83 209 242 263 477
2 7 84 210 242 265 477
2 7 85 212 241 267 478
2 7 86 211 241 269 478
2 7 87 210 240 271 479
2 7 88 209 241 272 479
2 7 89 210 240 273 479
2 7 90 207 240 274 479
2 7 91 207 240 275 479
2 7 92 203 241 275 478
2 7 93 202 240 275 479
2 7 94 201 240 274 479
2 7 95 200 240 274 479
2 7 96 199 240 273 479
2 7 97 199 240 272 479
2 7 98 200 241 272 478
2 7 99 200 241 272 478
2 7 100 200 241 271 478
2 7 101 200 240 271 479
2 7 102 200 240 271 479
2 7 103 201 240 271 479
2 7 104 201 240 271 479
2 7 105 202 240 272 479
2 7 106 202 240 272 479
2 7 107 200 240 272 479
2 7 108 200 240 271 479
2 7 109 200 240 271 479
2 7 110 200 240 271 479
2 7 111 200 239 272 480
2 7 112 200 239 272 480
2 7 113 200 238 272 481
2 7 114 200 238 271 481
2 7 115 201 238 272 481
2 7 116 201 238 272 481
2 7 117 201 237 272 481
2 7 118 201 237 272 482
2 7 119 200 237 272 482
2 7 120 201 237 272 482
2 7 121 200 237 272 482
2 7 122 199 237 272 482
2 7 123 198 237 271 482
2 7 124 198 237 271 482
2 7 125 198 237 271 482
2 7 126 199 237 271 482
2 7 127 199 237 271 482
2 7 128 197 236 270 482
2 7 129 197 236 269 483
2 7 130 194 236 267 483
2 7 131 194 235 266 484
2 7 132 193 235 265 484
2 7 133 194 235 263 484
2 7 134 194 235 262 484
2 7 135 192 235 261 484
2 7 136 191 234 260 485
2 7 137 190 233 259 485
2 7 138 188 233 258 486
2 7 139 187 231 257 487
2 7 140 186 229 257 490
2 7 141 185 228 256 491
2 7 142 180 226 254 493
2 7 143 178 225 252 494
2 7 144 162 223 246 496
2 7 145 154 221 241 498
2 7 146 152 220 237 499
2 7 147 148 219 232 500
2 7 148 146 220 229 499
2 7 149 143 220 226 499
2 7 150 141 219 225 500
2 7 151 138 218 223 501
2 7 152 137 217 221 502
2 7 153 135 217 220 502
2 7 154 134 217 219 502
2 7 155 133 217 217 502
2 7 156 133 217 216 502
2 7 157 133 217 215 502
2 7 158 134 217 213 502
2 7 159 136 217 212 502
2 7 160 139 218 210 501
2 7 161 145 218 207 501
2 7 162 149 220 203 499
2 7 163 151 220 201 499
2 16 1 490 454 156 266
2 16 2 484 445 161 274
2 16 3 483 440 164 279
2 16 4 479 437 166 283
2 16 5 476 435 166 284
2 16 6 475 437 165 282
2 16 7 478 440 163 279
2 16 8 481 443 161 276
2 16 9 483 448 157 271
2 16 10 484 451 155 268
2 16 11 481 451 155 268
2 16 12 479 450 156 269
2 16 13 477 448 157 271
2 16 14 474 444 159 275
2 16 15 474 442 160 277
2 16 16 472 441 161 278
2 16 17 471 440 161 279
2 16 18 470 439 162 280
2 16 19 470 439 161 280
2 16 20 470 439 161 280
2 16 21 470 438 162 281
2 16 22 469 437 162 283
2 16 23 469 435 163 284
2 16 24 469 433 163 287
2 16 25 469 429 164 290
2 16 26 471 426 165 293
2 16 27 471 423 165 296
2 16 28 471 419 166 300
2 16 29 473 415 166 303
2 16 30 473 413 166 306
2 16 31 474 411 165 308
2 16 32 474 410 164 308
2 16 33 475 410 163 309
2 16 34 476 410 162 309
2 16 35 476 410 161 309
2 16 36 477 410 160 308
2 16 37 478 411 159 308
2 16 38 478 411 159 308
2 16 39 479 411 158 308
2 16 40 479 412 158 307
2 16 41 479 412 157 307
2 16 42 479 413 156 306
2 16 43 479 414 156 305
2 16 44 479 415 156 304
2 16 45 479 415 156 304
2 16 46 478 415 156 304
2 16 47 480 416 157 303
2 16 48 482 415 158 304
2 16 49 484 412 161 307
2 16 50 484 409 163 310
2 16 51 483 405 165 314
2 16 52 483 402 166 317
2 16 53 481 396 169 323
2 16 54 480 392 170 327
2 16 55 479 389 170 331
2 16 56 479 387 169 332
2 16 57 479 386 168 334
2 16 58 479 385 167 334
2 16 59 480 388 163 331
2 16 60 481 393 160 326
2 16 61 482 395 157 324
2 16 62 483 397 156 323
2 16 63 483 398 154 322
2 16 64 484 398 153 321
2 16 65 484 396 153 323
2 16 66 483 397 152 323
2 16 67 483 397 151 322
2 16 68 484 396 150 323
2 16 69 484 396 149 323
2 16 70 483 394 150 326
2 16 71 483 393 149 326
2 16 72 483 392 149 327
2 16 73 484 394 147 325
2 16 74 484 397 146 322
2 16 75 484 398 145 321
2 16 76 485 400 144 319
2 16 77 484 400 144 319
2 16 78 485 398 144 321
2 16 79 485 399 144 319
2 16 80 485 401 144 318
2 16 81 484 403 144 316
2 16 82 483 403 144 316
2 16 83 481 400 146 319
2 16 84 479 399 147 320
2 16 85 479 402 146 317
2 16 86 478 403 146 316
2 16 87 478 402 146 317
2 16 88 478 403 145 316
2 16 89 478 403 145 316
2 16 90 479 404 145 315
2 16 91 478 404 145 315
2 16 92 478 407 144 312
2 16 93 478 408 144 311
2 16 94 477 410 143 309
2 16 95 476 411 144 308
2 16 96 474 411 144 308
2 16 97 475 412 145 307
2 16 98 474 412 145 307
2 16 99 475 413 145 306
2 16 100 475 414 145 305
2 16 101 475 413 145 306
2 16 102 475 413 145 306
2 16 103 475 412 146 306
2 16 104 475 413 145 306
2 16 105 475 413 145 306
2 16 106 475 413 145 306
2 16 107 474 412 146 306
2 16 108 474 411 146 307
2 16 109 475 412 146 307
2 16 110 474 413 145 306
2 16 111 475 414 145 305
2 16 112 475 416 144 304
2 16 113 474 415 144 304
2 16 114 474 416 144 303
2 16 115 473 414 145 305
2 16 116 470 409 148 310
2 16 117 468 405 150 314
2 16 118 468 405 150 314
2 16 119 468 406 150 313
2 16 120 468 405 150 314
2 16 121 468 403 150 315
2 16 122 468 402 151 317
2 16 123 467 400 151 318
2 16 124 466 399 152 320
2 16 125 466 399 152 320
2 16 126 465 398 153 321
2 16 127 465 398 153 321
2 16 128 464 399 153 320
2 16 129 464 400 152 319
2 16 130 464 401 152 318
2 16 131 463 401 152 318
2 16 132 463 402 152 316
2 16 133 462 404 152 315
2 16 134 462 405 152 314
2 16 135 463 405 152 314
2 16 136 464 406 152 313
2 16 137 464 406 152 313
2 16 138 464 407 152 312
2 16 139 464 407 151 311
2 16 140 464 408 151 311
2 16 141 466 410 150 309
2 16 142 466 410 150 309
2 16 143 466 410 150 309
2 16 144 466 409 151 310
2 16 145 466 407 151 312
2 16 146 467 405 152 314
2 16 147 468 404 152 315
2 16 148 469 402 153 317
2 16 149 469 401 154 318
2 16 150 470 399 156 320
2 16 151 470 397 157 322
2 16 152 470 396 158 324
2 16 153 467 392 161 327
2 16 154 463 387 163 332
2 16 155 459 381 165 338
2 16 156 454 375 167 344
2 16 157 447 366 170 353
2 16 158 442 358 172 361
2 16 159 435 349 174 370
2 16 160 428 337 177 382
2 16 161 420 325 180 394
2 16 163 408 300 187 418
2 16 164 452 357 144 329
2 11 1 502 247 195 472
2 11 2 502 246 195 473
2 11 3 500 246 196 473
2 11 4 499 245 196 474
2 11 5 499 244 197 475
2 11 6 499 244 197 475
2 11 7 498 244 197 475
2 11 8 499 244 197 475
2 11 9 499 244 197 475
2 11 10 500 244 197 475
2 11 11 500 244 197 475
2 11 12 499 244 196 475
2 11 13 499 243 196 476
2 11 14 499 243 196 476
2 11 15 500 243 196 476
2 11 16 501 243 195 476
2 11 17 501 243 195 476
2 11 18 502 243 194 476
2 11 19 502 243 194 476
2 11 20 502 243 193 476
2 11 21 503 243 193 476
2 11 22 503 243 192 476
2 11 23 503 243 192 476
2 11 24 502 243 192 476
2 11 25 503 242 191 477
2 11 26 502 242 191 477
2 11 27 502 241 191 478
2 11 28 502 241 192 478
2 11 29 501 240 192 479
2 11 30 500 240 192 479
2 11 31 500 239 192 480
2 11 32 499 239 192 480
2 11 33 499 239 192 480
2 11 34 498 238 192 481
2 11 35 498 238 192 481
2 11 36 498 238 192 481
2 11 37 497 237 192 482
2 11 38 498 237 192 482
2 11 39 497 236 192 483
2 11 40 498 236 192 483
2 11 41 498 236 191 483
2 11 42 498 236 191 483
2 11 43 498 236 191 483
2 11 44 498 236 190 483
2 11 45 498 236 190 483
2 11 46 497 236 190 483
2 11 47 498 236 190 484
2 11 48 497 235 190 484
2 11 49 497 235 189 484
2 11 50 497 235 189 484
2 11 51 497 235 189 484
2 11 52 497 235 188 484
2 11 53 496 235 188 484
2 11 54 496 235 188 484
2 11 55 496 235 188 484
2 11 56 496 235 188 484
2 11 57 496 235 188 484
2 11 58 497 235 188 484
2 11 59 500 235 187 484
2 11 60 502 235 186 484
2 11 61 503 234 186 485
2 11 62 503 234 185 485
2 11 63 503 234 185 484
2 11 64 505 234 185 485
2 11 65 507 235 184 484
2 11 66 511 234 185 485
2 11 67 511 234 185 485
2 11 68 525 233 192 487
2 11 69 530 232 198 488
2 11 70 530 230 204 489
2 11 71 528 231 208 489
2 11 72 526 230 212 490
2 11 73 525 229 217 491
2 11 74 523 230 219 490
2 11 75 523 231 222 488
2 11 76 523 231 224 488
2 11 77 522 233 226 487
2 11 78 504 236 220 484
2 11 79 499 237 216 482
2 11 80 497 238 212 481
2 11 81 498 238 209 481
2 11 82 499 238 206 481
2 11 83 501 238 203 481
2 11 84 502 238 200 481
2 11 85 503 238 198 481
2 11 86 505 238 195 481
2 11 87 506 238 193 481
2 11 88 507 238 191 481
2 11 89 507 237 190 482
2 11 90 508 238 188 481
2 11 91 509 239 187 480
2 11 92 510 239 185 480
2 11 93 512 239 183 480
2 11 94 513 239 182 480
2 11 95 514 239 181 481
2 11 96 515 238 180 481
2 11 97 515 238 179 481
2 11 98 515 238 178 481
2 11 99 515 237 177 482
2 11 100 515 237 176 482
2 11 101 517 237 176 482
2 11 102 517 237 176 482
2 11 103 517 237 176 482
2 11 104 517 237 175 482
2 11 105 517 237 175 483
2 11 106 517 236 174 483
2 11 107 517 236 174 483
2 11 108 516 236 174 483
2 11 109 516 236 173 483
2 11 110 517 237 173 482
2 11 111 517 236 173 483
2 11 112 518 236 173 483
2 11 113 518 235 173 484
2 11 114 516 235 173 484
2 11 115 513 235 174 484
2 11 116 514 235 174 484
2 11 117 515 235 174 485
2 11 118 516 234 174 485
2 11 119 516 234 174 485
2 11 120 517 234 173 485
2 11 121 517 234 173 485
2 11 122 517 234 172 485
2 11 123 518 234 172 485
2 11 124 518 234 172 486
2 11 125 518 234 172 486
2 11 126 517 234 172 486
2 11 127 516 233 173 486
2 11 128 516 233 173 486
2 11 129 516 233 174 486
2 11 130 514 233 175 486
2 11 131 513 233 176 486
2 11 132 512 233 176 486
2 11 133 510 233 177 486
2 11 134 509 233 179 486
2 11 135 508 233 179 486
2 11 136 507 232 180 487
2 11 137 505 232 181 487
2 11 138 504 232 182 487
2 11 139 502 232 183 487
2 11 140 500 232 184 487
2 11 141 498 232 185 487
2 11 142 497 232 187 487
2 11 143 496 232 187 487
2 11 144 495 232 188 487
2 11 145 494 232 188 487
2 11 146 492 232 189 487
2 11 147 492 232 190 487
2 11 148 492 232 190 487
2 11 149 492 232 191 487
2 11 150 493 232 192 487
2 11 151 493 232 193 487
2 11 152 492 232 193 487
2 11 153 492 232 194 487
2 11 154 493 232 194 487
2 11 155 496 232 193 487
2 11 156 496 232 193 487
2 11 157 498 232 193 487
2 11 158 496 232 193 487
2 11 159 497 232 193 487
2 11 160 500 233 192 486
2 11 161 501 233 192 486
2 11 162 501 233 192 486
2 11 163 501 232 192 487
2 11 164 528 317 142 366
2 4 1 322 258 152 461
2 4 2 322 257 152 462
2 4 3 324 256 153 463
2 4 4 324 255 153 464
2 4 5 323 254 154 465
2 4 6 322 253 154 466
2 4 7 321 253 155 466
2 4 8 320 253 155 466
2 4 9 318 252 155 466
2 4 10 318 252 155 466
2 4 11 318 252 155 467
2 4 12 317 252 155 467
2 4 13 316 252 155 467
2 4 14 315 252 155 467
2 4 15 314 252 154 467
2 4 16 314 252 154 467
2 4 17 313 252 153 467
2 4 18 313 252 153 467
2 4 19 312 252 152 467
2 4 20 312 252 152 467
2 4 21 312 251 152 468
2 4 22 313 251 152 468
2 4 23 314 250 151 469
2 4 24 314 250 151 469
2 4 25 314 250 150 469
2 4 26 314 250 150 469
2 4 27 314 249 150 469
2 4 28 314 249 150 470
2 4 29 313 249 150 470
2 4 30 312 248 150 471
2 4 31 312 248 150 471
2 4 32 311 248 151 471
2 4 33 310 247 151 472
2 4 34 309 246 151 473
2 4 35 308 245 151 473
2 4 36 308 245 150 474
2 4 37 308 244 150 475
2 4 38 308 243 150 475
2 4 39 308 243 150 476
2 4 40 308 243 149 476
2 4 41 307 243 149 476
2 4 42 307 243 149 476
2 4 43 307 243 149 476
2 4 44 307 243 148 476
2 4 45 306 243 149 476
2 4 46 305 243 149 476
2 4 47 304 242 150 477
2 4 48 303 242 150 477
2 4 49 304 242 150 477
2 4 50 306 241 150 476
2 4 51 308 243 150 475
2 4 52 310 244 150 474
2 4 53 311 244 150 473
2 4 54 313 244 150 473
2 4 55 312 243 151 474
2 4 56 311 243 152 475
2 4 58 309 241 154 477
2 4 59 311 241 156 477
2 4 60 310 241 158 477
2 4 61 310 243 159 476
2 4 62 309 243 161 475
2 4 63 313 246 162 472
2 4 64 313 246 162 472
2 4 65 312 247 163 471
2 4 66 313 248 162 470
2 4 67 316 249 163 470
2 4 68 317 250 163 468
2 4 69 319 251 162 467
2 4 70 318 252 162 466
2 4 71 320 253 163 465
2 4 72 320 253 164 465
2 4 73 323 253 165 465
2 4 74 322 253 167 466
2 4 75 324 252 168 466
2 4 76 324 252 170 466
2 4 77 321 251 170 467
2 4 78 318 253 168 464
2 4 79 318 252 168 465
2 4 80 321 253 167 465
2 4 81 322 253 166 465
2 4 82 321 253 167 466
2 4 83 322 255 166 462
2 4 84 323 255 167 463
2 4 85 324 254 168 464
2 4 86 324 253 170 465
2 4 87 322 251 171 466
2 4 88 320 251 171 467
2 4 89 321 250 173 468
2 4 90 318 250 173 466
2 4 91 317 251 173 466
2 4 92 312 250 173 467
2 4 93 313 250 172 468
2 4 94 313 251 171 468
2 4 95 314 251 169 468
2 4 96 313 252 167 463
2 4 97 314 251 167 466
2 4 98 315 251 166 467
2 4 99 315 250 166 468
2 4 100 316 250 165 468
2 4 101 316 250 165 468
2 4 102 316 250 165 468
2 4 103 316 250 164 468
2 4 104 316 250 164 468
2 4 105 317 250 164 468
2 4 106 316 250 165 469
2 4 107 317 250 164 468
2 4 108 316 250 164 468
2 4 109 317 250 164 468
2 4 110 318 251 163 467
2 4 111 318 251 163 467
2 4 112 318 252 162 467
2 4 113 319 251 162 467
2 4 114 319 251 162 467
2 4 115 319 251 162 468
2 4 116 318 250 163 468
2 4 117 317 250 163 469
2 4 118 318 249 163 470
2 4 119 320 249 162 470
2 4 120 323 250 161 468
2 4 121 323 250 161 468
2 4 122 324 250 161 469
2 4 123 324 249 160 469
2 4 124 324 248 160 471
2 4 125 322 246 161 473
2 4 126 319 244 162 476
2 4 127 314 241 163 478
2 4 128 312 238 163 480
2 4 129 309 237 163 481
2 4 130 306 236 163 482
2 4 131 302 235 162 483
2 4 132 298 235 161 484
2 4 133 295 235 160 484
2 4 134 292 235 159 484
2 4 135 292 234 158 482
2 4 136 293 233 158 482
2 4 137 290 234 158 483
2 4 138 288 235 158 484
2 4 139 286 236 157 483
2 4 140 285 234 157 483
2 4 141 284 234 156 484
2 4 142 284 234 156 484
2 4 143 286 233 155 485
2 4 144 285 233 155 485
2 4 145 284 233 154 486
2 4 146 283 233 155 485
2 4 147 280 233 155 486
2 4 148 281 233 154 486
2 4 149 282 233 153 486
2 4 150 282 233 152 486
2 4 151 282 232 151 487
2 4 152 281 232 151 487
2 4 153 281 232 150 487
2 4 154 280 233 149 486
2 4 155 278 233 149 486
2 4 156 274 233 148 486
2 4 157 271 233 148 486
2 4 158 266 233 149 486
2 4 159 261 233 149 486
2 4 160 258 233 150 486
2 4 161 255 233 151 486
2 4 162 254 233 152 486
2 4 163 252 234 153 485
2 18 1 648 286 140 433
2 18 2 648 284 140 435
2 18 3 648 282 141 437
2 18 4 649 281 141 438
2 18 5 648 281 141 438
2 18 6 648 281 141 438
2 18 7 648 280 141 439
2 18 8 647 280 141 440
2 18 9 647 279 141 440
2 18 10 647 279 141 440
2 18 11 647 279 141 440
2 18 12 647 279 142 440
2 18 13 647 279 142 440
2 18 14 647 279 142 440
2 18 15 647 279 142 440
2 18 16 647 279 142 440
2 18 17 648 279 142 440
2 18 18 648 280 142 439
2 18 19 647 280 142 439
2 18 20 647 280 142 439
2 18 21 647 279 142 440
2 18 22 647 279 142 440
2 18 23 646 279 142 440
2 18 24 646 278 142 441
2 18 25 645 278 142 441
2 18 26 645 278 142 441
2 18 27 645 278 143 441
2 18 28 644 277 143 441
2 18 29 643 277 143 442
2 18 30 643 277 143 442
2 18 31 643 276 143 443
2 18 32 643 276 144 443
2 18 33 642 275 144 444
2 18 34 643 275 144 444
2 18 35 643 275 144 444
2 18 36 643 274 144 445
2 18 37 643 274 144 445
2 18 38 643 274 144 445
2 18 39 643 273 144 445
2 18 40 643 273 144 446
2 18 41 643 273 143 446
2 18 42 643 273 143 446
2 18 43 643 273 143 446
2 18 44 643 273 143 446
2 18 45 643 273 143 446
2 18 46 643 273 143 446
2 18 47 643 274 143 445
2 18 48 643 274 143 445
2 18 49 643 274 143 445
2 18 50 643 274 143 445
2 18 51 642 274 143 445
2 18 52 643 274 143 445
2 18 53 643 273 143 446
2 18 54 644 273 143 446
2 18 55 644 272 143 447
2 18 56 643 272 143 447
2 18 57 643 271 143 447
2 18 58 643 271 142 448
2 18 59 643 270 143 449
2 18 60 643 270 142 449
2 18 61 643 271 142 448
2 18 62 643 272 142 447
2 18 63 644 273 141 446
2 18 64 644 275 141 444
2 18 65 645 276 141 443
2 18 66 645 277 140 442
2 18 67 645 277 140 442
2 18 68 645 277 141 442
2 18 69 645 277 141 442
2 18 70 646 275 141 444
2 18 71 645 275 141 444
2 18 72 646 274 141 444
2 18 73 646 275 140 444
2 18 74 646 275 140 443
2 18 75 646 276 140 442
2 18 76 646 277 139 442
2 18 77 646 278 139 441
2 18 78 646 277 139 442
2 18 79 646 272 141 446
2 18 80 646 273 141 446
2 18 81 646 274 140 445
2 18 82 647 274 140 445
2 18 83 647 273 140 445
2 18 84 646 273 140 446
2 18 85 647 273 139 446
2 18 86 646 274 139 445
2 18 87 646 274 139 445
2 18 88 646 275 138 444
2 18 89 646 276 138 443
2 18 90 646 277 138 442
2 18 91 646 279 137 440
2 18 92 647 280 137 439
2 18 93 646 280 137 439
2 18 94 646 280 137 438
2 18 95 646 280 137 439
2 18 96 645 280 138 439
2 18 97 645 279 138 440
2 18 98 645 279 138 440
2 18 99 644 278 138 440
2 18 100 644 278 139 441
2 18 101 644 278 139 441
2 18 102 643 277 139 441
2 18 103 643 277 139 441
2 18 104 643 278 139 441
2 18 105 643 278 139 441
2 18 106 642 277 140 442
2 18 107 642 277 139 442
2 18 108 642 277 139 442
2 18 109 642 277 139 442
2 18 110 642 277 139 442
2 18 111 642 277 139 442
2 18 112 642 276 140 442
2 18 113 641 276 140 443
2 18 114 641 276 140 443
2 18 115 641 277 140 442
2 18 116 641 277 139 442
2 18 117 641 277 140 441
2 18 118 640 277 140 441
2 18 119 640 277 140 442
2 18 120 639 277 140 442
2 18 121 639 277 141 442
2 18 122 639 276 141 443
2 18 123 640 276 141 443
2 18 124 640 275 142 444
2 18 125 640 276 142 443
2 18 126 640 276 142 443
2 18 127 641 276 142 443
2 18 128 641 276 142 443
2 18 129 641 275 142 444
2 18 130 641 273 142 445
2 18 131 641 272 143 447
2 18 132 640 272 143 447
2 18 133 640 272 143 446
2 18 134 639 272 143 447
2 18 135 639 272 143 447
2 18 136 639 272 144 447
2 18 137 639 271 144 448
2 18 138 639 270 144 449
2 18 139 638 270 145 449
2 18 140 638 269 145 450
2 18 141 638 268 145 451
2 18 142 638 269 144 450
2 18 143 638 269 144 450
2 18 144 638 269 144 450
2 18 145 639 269 143 449
2 18 146 639 270 142 448
2 18 147 637 271 142 448
2 18 148 637 271 141 448
2 18 149 638 271 140 448
2 18 150 637 269 140 450
2 18 151 638 266 140 453
2 18 152 638 263 141 456
2 18 153 639 260 141 459
2 18 154 639 256 141 463
2 18 155 640 253 141 466
2 18 156 640 249 141 469
2 18 157 640 246 141 473
2 18 158 641 243 141 475
2 18 159 642 240 141 478
2 18 160 643 238 140 481
2 18 161 643 237 140 482
2 18 162 641 236 141 483
2 18 163 639 235 142 484
2 18 164 662 322 106 362
2 14 1 735 290 184 429
2 14 2 734 288 184 430
2 14 3 733 287 185 432
2 14 4 732 286 185 432
2 14 5 731 286 185 433
2 14 6 731 285 185 434
2 14 7 731 284 185 435
2 14 8 732 284 185 435
2 14 9 733 284 185 435
2 14 10 733 285 185 434
2 14 11 734 285 185 434
2 14 12 734 286 185 433
2 14 13 735 287 185 432
2 14 14 735 287 185 432
2 14 15 735 288 185 431
2 14 16 733 289 185 430
2 14 17 732 289 184 430
2 14 18 733 291 183 428
2 14 19 733 290 183 429
2 14 20 732 289 183 430
2 14 21 731 288 183 431
2 14 22 730 287 183 432
2 14 23 730 287 183 432
2 14 24 730 287 183 432
2 14 25 729 288 182 431
2 14 26 727 286 183 433
2 14 27 727 287 182 432
2 14 28 726 286 182 433
2 14 29 726 285 183 434
2 14 30 726 285 182 434
2 14 31 726 284 182 435
2 14 32 725 285 182 434
2 14 33 726 284 182 435
2 14 34 726 283 183 436
2 14 35 727 282 183 437
2 14 36 727 281 184 438
2 14 37 727 280 184 439
2 14 38 727 280 185 439
2 14 39 726 279 185 440
2 14 40 726 279 185 440
2 14 41 724 278 185 440
2 14 42 724 278 185 440
2 14 43 725 279 185 440
2 14 44 725 279 185 440
2 14 45 725 280 185 439
2 14 46 725 280 184 439
2 14 47 725 280 184 439
2 14 48 724 280 185 439
2 14 49 724 279 185 440
2 14 50 724 278 185 440
2 14 51 724 278 184 441
2 14 52 725 277 184 442
2 14 53 725 276 184 443
2 14 54 723 276 183 443
2 14 55 722 275 183 444
2 14 56 722 275 183 444
2 14 57 722 274 184 445
2 14 58 722 274 184 445
2 14 59 722 271 185 448
2 14 60 722 273 185 446
2 14 61 724 277 183 442
2 14 62 726 280 182 439
2 14 63 728 283 180 436
2 14 64 729 285 180 434
2 14 65 728 285 179 433
2 14 66 727 286 180 433
2 14 67 729 286 181 433
2 14 68 728 285 182 434
2 14 69 726 286 182 433
2 14 70 725 286 182 432
2 14 71 724 287 182 432
2 14 72 721 287 181 431
2 14 73 720 289 180 430
2 14 74 719 290 180 429
2 14 75 720 291 179 428
2 14 76 720 291 179 428
2 14 77 720 292 178 427
2 14 78 721 292 178 427
2 14 79 723 291 179 428
2 14 80 724 291 179 428
2 14 81 726 290 181 429
2 14 82 726 289 182 430
2 14 83 727 288 183 431
2 14 84 726 287 184 432
2 14 85 723 285 185 434
2 14 86 721 284 186 435
2 14 87 720 284 187 435
2 14 88 719 285 187 433
2 14 89 720 288 186 431
2 14 90 719 290 185 429
2 14 91 721 292 185 427
2 14 92 722 293 184 426
2 14 93 723 293 184 426
2 14 94 723 293 183 426
2 14 95 722 293 183 426
2 14 96 721 293 184 426
2 14 97 720 292 184 427
2 14 98 719 292 184 427
2 14 99 719 292 184 427
2 14 100 719 292 184 427
2 14 101 718 292 184 427
2 14 102 718 292 183 427
2 14 103 718 292 183 427
2 14 104 718 292 183 427
2 14 105 718 292 183 427
2 14 106 718 291 182 428
2 14 107 718 291 182 428
2 14 108 717 291 182 428
2 14 109 717 291 181 428
2 14 110 716 293 180 426
2 14 111 717 292 181 427
2 14 112 716 293 180 426
2 14 113 715 294 180 426
2 14 114 715 294 180 425
2 14 115 716 294 180 425
2 14 116 716 293 180 426
2 14 117 716 294 181 425
2 14 118 716 294 181 425
2 14 119 716 294 181 425
2 14 120 716 294 181 425
2 14 121 716 294 181 425
2 14 122 717 295 181 425
2 14 123 717 294 181 425
2 14 124 718 294 181 425
2 14 125 717 294 181 425
2 14 126 717 294 181 425
2 14 127 716 293 181 426
2 14 128 717 293 180 426
2 14 129 717 293 180 426
2 14 130 718 292 180 427
2 14 131 718 291 180 428
2 14 132 719 291 180 428
2 14 133 718 290 179 429
2 14 134 718 290 179 429
2 14 135 718 290 178 429
2 14 136 717 290 178 429
2 14 137 716 289 177 430
2 14 138 717 289 176 430
2 14 139 717 289 176 431
2 14 140 718 288 176 431
2 14 141 718 287 176 432
2 14 142 717 286 176 433
2 14 143 717 286 176 434
2 14 144 718 286 176 434
2 14 145 717 285 176 434
2 14 146 717 286 176 433
2 14 147 716 284 176 435
2 14 148 716 283 176 436
2 14 149 715 282 176 437
2 14 150 716 281 176 439
2 14 151 718 279 177 441
2 14 152 719 277 177 443
2 14 153 721 275 177 444
2 14 154 723 274 177 445
2 14 155 721 272 176 447
2 14 156 720 268 176 451
2 14 157 721 263 175 456
2 14 158 723 260 175 459
2 14 159 726 255 174 464
2 14 160 728 254 171 465
2 14 161 730 250 170 469
2 14 162 733 250 168 469
2 14 163 733 245 167 474
2 14 164 736 323 131 367
2 13 1 888 233 193 484
2 13 2 887 232 194 485
2 13 3 888 232 194 486
2 13 4 888 231 195 487
2 13 5 891 230 196 488
2 13 6 893 229 196 489
2 13 7 896 229 196 489
2 13 8 899 229 196 489
2 13 9 902 228 197 491
2 13 10 905 227 197 491
2 13 11 906 226 197 493
2 13 12 908 226 197 493
2 13 13 908 226 197 493
2 13 14 908 226 197 493
2 13 15 907 226 197 493
2 13 16 906 226 198 493
2 13 17 905 226 198 493
2 13 18 903 226 199 493
2 13 19 902 226 199 492
2 13 20 902 226 199 492
2 13 21 901 226 199 492
2 13 22 901 226 199 492
2 13 23 900 226 199 493
2 13 24 897 226 200 493
2 13 25 896 226 200 493
2 13 26 896 225 200 494
2 13 27 896 225 200 494
2 13 28 896 224 200 495
2 13 29 896 224 200 495
2 13 30 896 224 200 495
2 13 31 897 224 199 495
2 13 32 896 225 199 494
2 13 33 896 225 199 494
2 13 34 896 225 200 494
2 13 35 896 226 200 493
2 13 36 896 226 200 493
2 13 37 894 226 200 492
2 13 38 893 227 201 492
2 13 39 892 227 201 492
2 13 40 890 227 202 492
2 13 41 890 227 202 492
2 13 42 891 226 203 493
2 13 43 890 227 202 492
2 13 44 889 227 203 491
2 13 45 888 227 203 492
2 13 46 887 227 202 491
2 13 47 886 227 202 491
2 13 48 886 227 201 491
2 13 49 886 228 200 490
2 13 50 887 228 199 490
2 13 51 888 227 198 489
2 13 52 889 228 197 488
2 13 53 890 226 197 490
2 13 54 889 224 197 492
2 12 1 413 257 185 462
2 12 2 414 256 185 463
2 12 3 414 256 186 463
2 12 4 413 256 186 463
2 12 5 412 255 186 464
2 12 6 412 255 185 464
2 12 7 412 254 185 465
2 12 8 412 253 185 466
2 12 9 414 253 185 466
2 12 10 414 253 185 466
2 12 11 413 253 185 466
2 12 12 413 252 184 467
2 12 13 412 252 184 467
2 12 14 411 252 184 467
2 12 15 411 252 184 467
2 12 16 411 252 184 467
2 12 17 411 252 184 467
2 12 18 411 252 184 467
2 12 19 411 252 184 467
2 12 20 411 252 184 467
2 12 21 411 252 184 467
2 12 22 411 252 184 468
2 12 23 411 251 184 468
2 12 24 412 251 184 468
2 12 25 412 251 183 468
2 12 26 411 251 183 468
2 12 27 411 251 183 468
2 12 28 410 251 183 468
2 12 29 410 250 183 469
2 12 30 410 250 183 469
2 12 31 409 250 183 469
2 12 32 408 250 183 469
2 12 33 407 249 183 470
2 12 34 407 248 183 471
2 12 35 407 248 183 471
2 12 36 407 247 183 472
2 12 37 406 247 183 472
2 12 38 406 247 183 472
2 12 39 406 247 183 472
2 12 40 406 246 183 473
2 12 41 406 246 183 473
2 12 42 406 246 183 473
2 12 43 406 246 183 473
2 12 44 406 246 183 473
2 12 45 406 246 183 473
2 12 46 406 246 183 473
2 12 47 407 246 183 473
2 12 48 406 246 183 473
2 12 49 405 245 183 475
2 12 50 405 243 183 476
2 12 51 404 242 183 477
2 12 52 405 242 183 477
2 12 53 406 241 184 478
2 12 54 407 241 183 478
2 12 55 406 240 184 480
2 12 56 406 239 185 481
2 12 57 405 238 185 482
2 12 58 404 237 185 482
2 12 59 404 238 185 482
2 12 60 403 237 184 482
2 12 61 404 238 184 482
2 12 62 405 238 184 481
2 12 63 410 238 185 482
2 12 64 408 238 184 481
2 12 65 409 238 184 481
2 12 66 409 239 183 480
2 12 67 409 240 181 479
2 12 68 410 241 180 478
2 12 69 411 240 179 478
2 12 70 412 240 179 478
2 12 71 411 242 178 477
2 12 72 410 243 177 476
2 12 73 411 244 176 475
2 12 74 412 244 176 475
2 12 75 413 242 176 477
2 12 76 414 242 176 477
2 12 77 415 241 176 478
2 12 78 415 240 175 479
2 12 79 414 240 175 479
2 12 80 415 239 175 479
2 12 81 415 239 175 480
2 12 82 416 238 175 480
2 12 83 415 238 176 481
2 12 84 416 238 175 481
2 12 85 417 238 175 481
2 12 86 418 237 175 482
2 12 87 419 237 175 482
2 12 88 420 237 174 482
2 12 89 421 236 174 482
2 12 90 422 237 174 482
2 12 91 423 237 173 482
2 12 92 422 237 173 481
2 12 93 421 237 172 482
2 12 94 422 237 171 482
2 12 95 422 237 171 482
2 12 96 422 236 171 482
2 12 97 422 237 170 482
2 12 98 422 237 170 482
2 12 99 422 237 170 482
2 12 100 422 237 170 482
2 12 101 421 237 170 482
2 12 102 421 237 170 482
2 12 103 421 237 170 482
2 12 104 421 237 170 482
2 12 105 420 237 170 482
2 12 106 420 236 171 483
2 12 107 420 236 171 483
2 12 108 420 235 171 483
2 12 109 420 235 171 484
2 12 110 419 236 170 483
2 12 111 419 235 170 484
2 12 112 419 235 170 484
2 12 113 418 234 170 484
2 12 114 420 234 170 485
2 12 115 419 235 169 484
2 12 116 420 234 168 485
2 12 117 419 234 168 486
2 12 118 419 233 168 486
2 12 119 419 233 167 487
2 12 120 419 232 167 487
2 12 121 419 231 166 489
2 12 122 418 231 166 489
2 12 123 418 230 165 489
2 12 124 418 229 165 491
2 12 125 418 228 164 491
2 12 126 417 227 164 493
2 12 127 417 227 164 493
2 12 128 417 227 164 492
2 12 129 416 229 164 491
2 12 130 416 230 163 489
2 12 131 416 232 162 488
2 12 132 414 233 162 486
2 12 133 414 234 162 485
2 12 134 413 236 162 484
2 12 135 412 237 163 483
2 12 136 411 238 163 482
2 12 137 410 239 163 481
2 12 138 407 240 164 480
2 12 139 407 241 164 478
2 12 140 404 243 164 477
2 12 141 401 244 164 476
2 12 142 397 245 163 474
2 12 143 395 246 162 473
2 12 144 393 247 162 472
2 12 145 390 247 161 472
2 12 146 389 246 160 473
2 12 147 387 245 160 474
2 12 148 387 243 160 476
2 12 149 387 242 160 477
2 12 150 386 241 160 478
2 12 151 386 240 160 479
2 12 152 386 241 159 478
2 12 153 386 241 159 478
2 12 154 386 242 158 477
2 12 155 387 242 157 477
2 12 156 387 242 156 476
2 12 157 389 243 156 475
2 12 158 390 244 156 475
2 12 159 392 244 157 475
2 12 160 394 244 158 475
2 12 161 397 244 159 475
2 12 162 401 244 160 475
2 12 164 443 275 126 376
2 10 1 355 125 187 527
2 10 2 358 123 185 521
2 10 3 360 121 183 514
2 10 4 363 120 180 505
2 10 5 362 118 181 508
2 10 6 362 117 181 507
2 10 7 361 116 183 511
2 10 8 361 116 184 514
2 10 9 361 116 187 521
2 10 10 363 116 187 521
2 10 11 365 116 188 523
2 10 12 366 117 188 524
2 10 13 366 117 188 524
2 10 14 367 118 188 523
2 10 15 367 118 187 518
2 10 16 368 118 186 512
2 10 17 368 118 185 510
2 10 18 368 117 186 511
2 10 19 367 117 187 511
2 10 20 367 117 187 511
2 10 21 365 116 189 517
2 10 22 365 115 191 520
2 10 23 365 114 191 522
2 10 24 365 114 191 521
2 10 25 365 114 192 523
2 10 26 365 113 192 522
2 10 27 364 112 193 528
2 10 28 364 111 194 530
2 10 29 364 110 194 532
2 10 30 364 110 194 532
2 10 31 364 109 193 530
2 10 32 364 109 194 532
2 10 33 365 109 193 529
2 10 34 365 110 193 530
2 10 35 366 110 193 529
2 10 36 367 112 192 527
2 10 37 367 113 193 528
2 10 38 368 115 190 520
2 10 39 368 116 191 520
2 10 40 368 117 192 523
2 10 41 368 119 193 524
2 10 42 368 119 193 524
2 10 43 367 119 195 530
2 10 44 367 119 197 533
2 10 45 367 119 197 532
2 10 46 368 119 198 535
2 10 47 368 119 199 536
2 10 48 369 120 198 534
2 10 49 368 117 201 541
2 10 50 368 116 202 542
2 10 51 368 114 200 536
2 10 52 369 112 199 531
2 10 53 371 109 193 510
2 10 54 369 107 198 516
2 10 55 373 103 204 523
2 10 56 376 100 205 516
2 10 57 375 100 209 520
2 10 58 373 100 212 523
2 10 59 370 99 213 526
2 10 60 366 101 208 514
2 10 61 366 104 210 521
2 10 62 363 107 211 528
2 10 63 361 108 209 528
2 10 64 362 109 210 531
2 10 65 361 108 216 547
2 10 66 360 107 218 556
2 10 67 359 106 223 567
2 10 68 361 105 219 556
2 10 69 363 102 216 547
2 10 70 366 101 215 542
2 10 71 368 100 210 525
2 10 72 367 100 209 517
2 10 73 365 100 210 518
2 10 74 361 101 214 528
2 10 75 354 102 219 542
2 10 76 351 105 218 544
2 10 77 350 107 219 547
2 10 78 348 108 221 556
2 10 79 348 108 220 557
2 10 80 350 108 218 552
2 10 81 353 107 217 549
2 10 82 358 106 215 543
2 10 83 362 105 214 539
2 10 84 362 104 217 542
2 10 85 360 104 222 553
2 10 86 359 104 226 564
2 10 87 358 105 226 564
2 10 88 358 106 223 557
2 10 89 355 108 221 555
2 10 90 353 110 220 556
2 10 91 351 111 221 563
2 10 92 352 112 219 559
2 10 93 354 112 217 556
2 10 94 355 112 217 558
2 10 95 358 112 216 556
2 10 96 359 111 217 557
2 10 97 360 111 220 563
2 10 98 360 110 220 565
2 10 99 359 110 222 567
2 10 100 358 109 222 567
2 10 101 357 109 223 569
2 10 102 356 109 223 569
2 10 103 356 110 220 564
2 10 104 356 110 219 560
2 10 105 356 111 218 557
2 10 106 355 111 217 557
2 10 107 354 111 217 559
2 10 108 354 112 217 558
2 10 109 353 113 218 562
2 10 110 353 114 219 566
2 10 111 355 114 219 565
2 10 112 356 114 218 562
2 10 113 356 115 219 563
2 10 114 355 115 221 566
2 10 115 355 115 222 567
2 10 116 355 115 220 562
2 10 117 355 115 219 557
2 10 118 355 115 218 554
2 10 119 354 115 219 554
2 10 120 354 115 218 549
2 10 121 353 115 217 546
2 10 122 353 115 218 545
2 10 123 353 115 218 542
2 10 124 354 115 217 538
2 10 125 351 113 222 550
2 10 126 348 110 225 555
2 10 127 349 106 223 547
2 10 128 352 100 218 530
2 10 129 349 95 217 529
2 10 130 343 91 222 547
2 10 131 341 89 223 553
2 10 132 342 88 219 549
2 10 133 344 87 213 537
2 10 134 345 86 208 529
2 10 135 349 85 200 511
2 10 136 350 85 197 504
2 10 137 352 84 194 497
2 10 138 354 83 191 491
2 10 139 356 83 189 486
2 10 140 356 82 189 486
2 10 141 357 83 188 481
2 10 142 355 83 188 483
2 10 143 353 83 192 497
2 10 144 351 83 194 505
2 10 145 350 83 195 513
2 10 146 350 84 194 512
2 10 147 350 84 193 513
2 10 148 351 84 190 506
2 10 149 352 84 186 496
2 10 150 351 85 187 499
2 10 151 349 86 190 508
2 10 152 348 87 190 508
2 10 153 347 88 190 510
2 10 154 348 89 188 504
2 10 155 345 90 191 513
2 10 156 345 90 190 508
2 10 157 344 91 189 504
2 10 158 339 91 195 522
2 10 159 334 91 202 542
2 10 160 330 90 206 558
2 10 161 327 90 208 568
2 10 162 321 90 212 585
2 10 163 318 90 211 587
2 10 164 346 262 147 412
2 17 1 852 323 200 396
2 17 2 850 323 200 397
2 17 3 850 321 201 399
2 17 4 851 319 202 400
2 17 5 852 317 203 402
2 17 6 853 311 205 408
2 17 7 852 310 206 409
2 17 8 854 310 205 410
2 17 9 855 310 205 410
2 17 10 856 309 204 410
2 17 11 856 309 204 410
2 17 12 855 310 203 410
2 17 13 856 311 203 408
2 17 14 856 314 202 406
2 17 15 855 315 201 405
2 17 16 854 316 201 404
2 17 17 852 317 200 402
2 17 18 852 320 199 399
2 17 19 852 321 199 399
2 17 20 850 321 199 399
2 17 21 848 320 199 400
2 17 22 847 318 201 401
2 17 23 845 317 203 402
2 17 24 846 316 204 403
2 17 25 847 315 207 404
2 17 26 845 315 208 404
2 17 27 843 315 209 404
2 17 28 841 314 211 405
2 17 29 840 314 212 405
2 17 30 839 313 212 406
2 17 31 839 313 213 406
2 17 32 838 314 213 406
2 17 33 838 313 213 406
2 17 34 838 313 213 407
2 17 35 836 311 212 408
2 17 36 837 311 211 408
2 17 37 841 311 212 408
2 17 38 840 311 212 408
2 17 39 840 310 211 409
2 17 40 840 310 211 409
2 17 41 840 310 211 409
2 17 42 840 310 211 409
2 17 43 841 310 212 409
2 17 44 842 310 212 409
2 17 45 842 310 212 410
2 17 46 842 310 213 409
2 17 47 842 310 212 409
2 17 48 843 311 212 408
2 17 49 843 312 212 407
2 17 50 844 312 213 407
2 17 51 845 313 213 407
2 17 52 846 313 213 406
2 17 53 846 312 214 407
2 17 54 845 312 215 407
2 17 55 845 311 215 408
2 17 56 845 309 216 410
2 17 57 846 307 216 412
2 17 58 845 305 217 414
2 17 59 845 303 218 416
2 17 60 844 302 218 417
2 17 61 842 301 218 418
2 17 62 842 302 218 417
2 17 63 841 304 218 415
2 17 64 841 305 217 414
2 17 65 839 306 217 413
2 17 66 841 308 216 411
2 17 67 843 310 215 409
2 17 68 843 311 214 408
2 17 69 842 312 213 407
2 17 70 842 311 214 408
2 17 71 842 311 214 409
2 17 72 841 310 213 409
2 17 73 839 310 214 409
2 17 74 838 311 214 409
2 17 75 838 312 213 408
2 17 76 839 313 213 407
2 17 77 838 313 213 406
2 17 78 837 313 214 406
2 17 79 838 312 214 407
2 17 80 838 312 215 408
2 17 81 837 310 215 409
2 17 82 837 309 216 410
2 17 83 837 308 217 411
2 17 84 837 307 217 412
2 17 85 838 307 216 412
2 17 86 838 306 216 413
2 17 87 838 306 216 413
2 17 88 836 307 215 412
2 17 89 837 308 215 411
2 17 90 836 311 214 409
2 17 91 837 312 214 407
2 17 92 839 312 214 407
2 17 93 839 313 214 407
2 17 94 839 313 214 407
2 17 95 839 313 214 406
2 17 96 839 313 214 406
2 17 97 837 315 214 404
2 17 98 836 316 215 404
2 17 99 836 314 217 405
2 17 100 835 313 218 406
2 17 101 834 312 218 407
2 17 102 834 312 219 407
2 17 103 832 314 219 406
2 17 104 832 312 220 407
2 17 105 831 314 220 405
2 17 106 831 313 221 406
2 17 107 831 313 221 407
2 17 108 831 313 222 406
2 17 109 830 313 222 406
2 17 110 829 312 223 407
2 17 111 829 312 223 407
2 17 112 828 311 224 408
2 17 113 827 311 224 408
2 17 114 827 310 224 409
2 17 115 827 309 224 410
2 17 116 827 308 224 411
2 17 117 827 309 223 411
2 17 118 827 309 223 410
2 17 119 828 310 222 409
2 17 120 828 310 222 409
2 17 121 828 310 222 409
2 17 122 828 310 222 409
2 17 123 829 309 222 410
2 17 124 829 309 222 410
2 17 125 829 308 222 411
2 17 126 829 307 222 412
2 17 127 829 307 222 412
2 17 128 829 306 222 413
2 17 129 829 306 222 413
2 17 130 829 305 221 414
2 17 131 828 305 221 414
2 17 132 829 305 220 414
2 17 133 829 305 220 414
2 17 134 829 305 220 414
2 17 135 829 305 219 414
2 17 136 829 305 219 414
2 17 137 829 305 218 414
2 17 138 829 305 218 414
2 17 139 829 305 218 414
2 17 140 828 305 218 414
2 17 141 829 305 217 414
2 17 142 828 305 217 414
2 17 143 826 305 217 414
2 17 144 825 305 218 414
2 17 145 825 305 218 414
2 17 146 826 304 218 415
2 17 147 827 304 218 415
2 17 148 826 303 218 416
2 17 149 826 302 218 417
2 17 150 826 300 218 418
2 17 151 827 301 218 419
2 17 152 830 300 217 419
2 17 153 831 298 217 421
2 17 154 830 294 219 425
2 17 155 827 290 221 429
2 17 156 827 286 222 433
2 17 157 829 280 223 440
2 17 158 833 274 223 445
2 17 159 832 267 224 452
2 17 160 831 260 225 459
2 17 161 832 254 225 465
2 17 162 834 249 225 470
2 17 163 836 242 225 477
2 17 164 819 318 174 377
2 20 1 756 225 288 487
2 20 2 757 223 288 487
2 20 3 756 222 290 490
2 20 4 756 221 292 494
2 20 5 760 220 293 496
2 20 6 764 218 294 499
2 20 7 767 218 294 499
2 20 8 769 218 295 499
2 20 9 771 218 296 499
2 20 10 773 219 296 498
2 20 11 774 221 296 496
2 20 12 775 222 296 495
2 20 13 774 223 298 495
2 20 14 773 224 299 495
2 20 15 772 224 300 494
2 20 16 770 225 301 493
2 20 17 768 225 301 492
2 20 18 764 225 303 492
2 20 19 762 224 304 492
2 20 20 760 222 306 493
2 20 21 758 221 307 495
2 20 22 756 220 309 496
2 20 23 754 219 310 497
2 20 24 753 219 310 498
2 20 25 754 219 311 498
2 20 26 755 219 310 498
2 20 27 755 219 310 498
2 20 28 754 220 309 497
2 20 29 757 220 308 495
2 20 30 756 221 308 496
2 20 31 759 221 306 494
2 20 32 759 221 305 493
2 20 33 758 221 305 493
2 20 34 757 221 304 493
2 20 35 756 220 304 493
2 20 36 753 220 305 496
2 20 37 751 220 305 497
2 20 38 750 220 305 498
2 20 39 750 220 305 498
2 20 40 749 220 305 498
2 20 41 749 220 304 498
2 20 42 750 220 303 495
2 20 43 751 220 301 493
2 20 44 752 220 301 492
2 20 45 752 220 300 492
2 20 46 753 220 300 492
2 20 47 754 220 300 491
2 20 48 755 220 299 490
2 20 49 755 220 300 491
2 20 50 755 221 300 490
2 20 51 753 221 300 488
2 20 52 752 222 300 488
2 20 53 749 222 302 488
2 20 54 748 221 304 490
2 20 55 744 219 307 492
2 20 56 739 216 312 495
2 20 57 737 213 314 494
2 20 58 738 208 314 493
2 20 59 733 206 322 501
2 20 60 728 205 327 504
2 20 61 726 203 329 504
2 20 62 724 204 329 501
2 20 63 719 207 332 503
2 20 64 721 211 332 502
2 20 65 727 214 331 500
2 20 66 730 216 331 499
2 20 67 731 217 332 499
2 20 68 728 217 332 499
2 20 69 724 216 332 500
2 20 70 724 215 333 501
2 20 71 728 213 331 500
2 20 72 726 211 330 499
2 20 73 724 211 329 498
2 20 74 724 212 328 497
2 20 75 726 214 325 493
2 20 76 729 216 324 493
2 20 77 727 219 323 490
2 20 78 726 222 321 487
2 20 79 722 225 322 487
2 20 80 718 226 325 488
2 20 81 715 225 327 489
2 20 82 715 224 332 492
2 20 83 714 222 335 494
2 20 84 711 220 337 496
2 20 85 707 218 337 496
2 20 86 707 217 339 497
2 20 87 707 217 339 496
2 20 88 707 218 339 495
2 20 89 686 220 331 492
2 20 90 704 223 331 489
2 20 91 711 227 332 488
2 20 92 714 229 334 488
2 20 93 713 230 337 488
2 20 94 712 229 339 489
2 20 95 711 228 342 490
2 20 96 709 226 343 491
2 5 3 730 476 219 243
2 5 4 730 476 220 243
2 5 5 729 475 220 244
2 5 6 730 475 220 244
2 5 7 730 475 219 244
2 5 8 731 475 219 244
2 5 9 732 475 219 244
2 5 10 732 474 219 245
2 5 11 733 473 219 246
2 5 12 733 473 218 246
2 5 13 734 473 218 246
2 5 14 734 473 217 246
2 5 15 734 473 216 245
2 5 16 735 474 216 245
2 5 17 734 474 215 245
2 5 18 734 475 214 244
2 5 19 733 476 214 243
2 5 20 732 476 214 243
2 5 21 732 475 214 244
2 5 22 731 475 214 244
2 5 23 730 474 215 245
2 5 24 730 474 215 245
2 5 25 730 473 216 247
2 5 26 730 472 216 247
2 5 27 731 471 217 248
2 5 28 731 470 217 249
2 5 29 731 470 217 249
2 5 30 731 470 217 250
2 5 31 731 469 217 250
2 5 32 731 470 216 249
2 5 33 732 470 216 249
2 5 34 731 471 216 248
2 5 35 731 471 216 248
2 5 36 730 471 216 248
2 5 37 730 470 216 249
2 5 38 730 469 217 250
2 5 39 730 468 218 251
2 5 40 728 467 219 252
2 5 41 727 465 220 254
2 5 42 727 464 220 255
2 5 43 727 461 221 258
2 5 44 728 461 220 258
2 5 45 730 461 219 258
2 5 46 730 460 218 258
2 5 47 731 462 216 257
2 5 48 731 462 215 257
2 5 49 731 462 215 257
2 5 50 731 462 214 257
2 5 51 731 462 214 257
2 5 52 731 463 214 256
2 5 53 731 463 213 256
2 5 54 731 463 214 256
2 5 55 730 463 213 256
2 5 56 730 464 213 255
2 5 57 730 464 213 255
2 5 58 729 464 213 255
2 5 59 729 464 214 255
2 5 60 729 463 214 256
2 5 61 729 462 215 257
2 5 62 730 461 215 258
2 5 63 730 461 215 258
2 5 64 731 462 214 257
2 5 65 731 462 214 257
2 5 66 731 463 214 256
2 5 67 731 463 213 256
2 5 68 731 464 213 256
2 5 69 730 464 213 255
2 5 70 730 464 213 256
2 5 71 730 463 214 256
2 5 72 730 464 214 256
2 5 73 729 464 214 256
2 5 74 729 463 214 256
2 5 75 729 464 213 255
2 5 76 729 464 213 255
2 5 77 729 465 213 254
2 5 78 729 464 213 255
2 5 79 730 465 212 254
2 5 80 730 465 212 254
2 5 81 730 466 212 253
2 5 82 730 465 213 254
2 5 83 730 465 213 254
2 5 84 729 465 213 255
2 5 85 729 465 213 255
2 5 86 729 465 213 254
2 5 87 729 465 214 255
2 5 88 729 464 214 255
2 5 89 729 464 214 255
2 5 90 729 464 214 255
2 5 91 729 464 214 255
2 5 92 729 464 214 255
2 5 93 729 464 214 255
2 5 94 729 464 214 255
2 5 95 729 464 214 255
2 5 96 729 464 214 255
2 5 97 730 464 214 255
2 5 98 730 464 214 255
2 5 99 730 464 214 255
2 5 100 731 464 214 255
2 5 101 731 464 214 255
2 5 102 730 464 214 255
2 5 103 731 464 214 255
2 5 104 731 464 214 255
2 5 105 731 464 214 255
2 5 106 730 464 214 255
2 5 107 730 463 215 256
2 5 108 729 463 215 256
2 5 109 728 463 214 256
2 5 110 728 462 215 257
2 5 111 728 462 214 257
2 5 112 728 462 214 257
2 5 113 727 462 214 257
2 5 114 727 461 214 258
2 5 115 727 461 214 258
2 5 116 727 461 214 258
2 5 117 727 461 214 258
2 5 118 727 461 214 258
2 5 119 727 461 214 258
2 5 120 726 461 214 258
2 5 121 726 461 214 258
2 5 122 726 461 213 258
2 5 123 726 461 213 258
2 5 124 726 461 214 258
2 5 125 727 461 214 258
2 5 126 727 461 214 259
2 5 127 727 461 213 258
2 5 128 728 461 213 258
2 5 129 728 462 213 258
2 5 130 728 462 212 257
2 5 131 728 461 212 258
2 5 132 728 461 213 258
2 5 133 727 461 213 258
2 5 134 727 460 213 259
2 5 135 727 460 213 259
2 5 136 727 460 213 259
2 5 137 727 459 214 260
2 5 138 727 459 214 260
2 5 139 728 459 213 260
2 5 140 729 458 213 261
2 5 141 729 458 213 261
2 5 142 730 457 214 262
2 5 143 731 456 214 263
2 5 144 733 456 214 263
2 5 145 734 454 215 265
2 5 146 735 452 215 267
2 5 147 739 455 211 264
2 5 148 746 459 206 260
2 5 149 755 469 199 250
2 5 150 763 477 193 242
2 5 151 772 487 187 232
2 5 152 779 493 185 227
2 5 153 786 496 184 224
2 5 154 790 494 187 226
2 5 155 793 487 192 232
2 5 156 798 478 199 241
2 5 157 801 467 207 252
2 5 158 804 453 217 267
2 5 159 808 437 225 282
2 5 160 813 423 232 296
2 9 62 893 220 190 496
2 9 63 892 220 190 497
2 9 64 892 220 190 498
2 9 65 892 220 190 497
2 9 66 893 222 189 496
2 9 67 893 224 189 494
2 9 68 893 226 188 492
2 9 69 893 227 188 491
2 9 70 893 229 188 490
2 9 71 892 230 187 488
2 9 72 891 230 187 487
2 9 73 890 231 188 486
2 9 74 890 231 188 486
2 9 75 890 231 188 485
2 9 76 890 232 188 485
2 9 77 891 233 188 484
2 9 78 892 234 188 483
2 9 79 892 234 188 483
2 9 80 891 234 188 483
2 9 81 890 234 189 484
2 9 82 889 233 190 485
2 9 83 888 232 191 486
2 9 84 888 231 191 487
2 9 85 888 229 191 488
2 9 86 888 228 191 489
2 9 87 888 229 191 489
2 9 88 886 230 192 488
2 9 89 887 232 191 487
2 9 90 887 234 191 485
2 9 91 888 236 190 483
2 9 92 889 237 189 481
2 9 93 889 239 189 480
2 9 94 891 240 189 479
2 9 95 891 241 188 478
2 9 96 890 242 188 477
2 9 97 889 242 188 475
2 9 98 889 242 188 474
2 9 99 890 242 188 475
2 9 100 889 242 188 475
2 9 101 889 242 189 475
2 9 102 889 241 189 476
2 9 103 888 242 189 475
2 9 104 887 242 189 476
2 9 105 887 242 189 476
2 9 106 887 242 189 475
2 9 107 887 242 189 475
2 9 108 887 242 189 475
2 9 109 886 241 189 476
2 9 110 886 239 190 478
2 9 111 885 237 191 480
2 9 112 884 234 191 481
2 9 113 884 232 192 483
2 9 114 883 230 192 485
2 9 115 883 228 193 488
2 9 116 883 227 193 488
2 9 117 883 228 193 487
2 9 118 884 230 192 485
2 9 119 884 232 192 483
2 9 120 884 234 191 481
2 9 121 884 234 192 482
2 9 122 884 235 191 481
2 9 123 884 234 192 481
2 9 124 884 234 192 482
2 9 125 883 233 193 482
2 9 126 883 232 193 483
2 9 127 882 231 194 484
2 9 128 882 231 194 485
2 9 129 882 230 194 485
2 9 130 882 230 194 486
2 9 131 882 230 194 486
2 9 132 882 230 195 486
2 9 133 882 230 194 487
2 9 134 882 230 195 488
2 9 135 881 229 195 488
2 9 136 881 229 194 487
2 9 137 881 229 194 487
2 9 138 881 228 194 488
2 9 139 881 228 194 488
2 9 140 882 228 194 488
2 9 141 882 228 194 488
2 9 142 883 228 194 488
2 9 143 886 228 194 488
2 9 144 890 228 194 488
2 9 145 892 229 193 485
2 9 146 895 230 192 484
2 9 147 898 230 191 483
2 9 148 904 230 192 486
2 9 149 909 230 191 487
2 9 150 913 230 192 488
2 9 151 921 230 191 488
2 9 152 927 231 192 487
2 9 153 934 232 193 487
2 9 154 940 232 194 487
2 9 155 949 233 197 487
2 9 156 956 233 199 487
2 9 157 962 232 202 487
2 9 158 974 231 203 488
2 9 159 984 230 203 489
2 9 160 993 228 203 491
2 9 161 1003 227 203 492
2 9 162 1010 226 203 493
2 9 163 1017 226 203 492
2 6 109 701 225 256 489
2 6 110 737 226 257 488
2 6 111 750 226 260 489
2 6 112 751 227 263 488
2 6 113 748 227 266 486
2 6 114 715 226 266 487
2 6 115 732 226 269 484
2 6 116 736 226 273 483
2 6 117 736 226 278 482
2 6 118 733 226 283 482
2 6 119 731 226 288 483
2 6 120 727 226 292 484
2 6 121 727 226 299 488
2 6 122 725 225 304 489
2 6 123 724 224 308 489
2 6 124 722 223 312 489
2 6 125 720 223 315 489
2 6 126 718 222 318 489
2 6 127 716 222 321 489
2 6 128 714 222 324 490
2 6 129 713 221 327 490
2 6 130 680 221 319 488
2 6 131 665 222 311 485
2 6 132 662 222 304 482
2 6 133 662 222 300 484
2 6 134 696 221 308 487
2 6 135 674 221 302 485
2 6 136 670 221 297 484
2 6 137 672 220 293 486
2 6 138 674 221 290 486
2 6 139 676 220 285 486
2 6 140 676 220 282 487
2 19 147 707 216 368 492
2 19 148 671 215 366 492
2 19 149 671 211 359 487
2 19 150 674 207 346 477
2 19 151 680 203 336 472
2 19 152 686 200 326 469
2 19 153 689 199 326 480
2 19 154 688 198 323 491
2 19 155 693 198 321 500
2 19 156 711 199 325 512
2 19 157 707 201 318 514
2 19 158 707 204 310 514
2 19 159 704 206 297 510
